Base,Start,End,Count
T,0,2,2
A,2,7,5
T,7,8,1
A,8,10,2
G,10,11,1
C,11,12,1
T,12,13,1
A,13,16,3
T,16,17,1
A,17,20,3
G,20,21,1
C,21,22,1
T,22,26,4
G,26,29,3
T,29,31,2
C,31,32,1
A,32,33,1
T,33,34,1
A,34,35,1
C,35,39,4
A,39,42,3
T,42,43,1
A,43,44,1
T,44,45,1
A,45,48,3
G,48,49,1
A,49,50,1
T,50,51,1
A,51,53,2
T,53,55,2
C,55,56,1
T,56,64,8
A,64,68,4
T,68,69,1
A,69,72,3
G,72,73,1
T,73,74,1
G,74,75,1
C,75,77,2
T,77,78,1
G,78,79,1
A,79,80,1
T,80,81,1
A,81,85,4
G,85,87,2
A,87,88,1
T,88,90,2
A,90,91,1
T,91,93,2
C,93,94,1
T,94,95,1
G,95,96,1
A,96,97,1
T,97,98,1
A,98,99,1
G,99,100,1
A,100,102,2
T,102,103,1
A,103,106,3
T,106,107,1
A,107,109,2
T,109,110,1
G,110,111,1
T,111,112,1
A,112,114,2
T,114,115,1
A,115,116,1
T,116,117,1
A,117,118,1
T,118,120,2
A,120,121,1
C,121,123,2
T,123,126,3
A,126,127,1
T,127,129,2
A,129,130,1
T,130,131,1
A,131,132,1
T,132,136,4
A,136,137,1
T,137,138,1
A,138,139,1
G,139,140,1
A,140,142,2
T,142,144,2
A,144,147,3
C,147,148,1
T,148,149,1
A,149,150,1
T,150,151,1
A,151,152,1
T,152,153,1
C,153,154,1
T,154,155,1
A,155,157,2
T,157,158,1
A,158,160,2
T,160,161,1
A,161,162,1
T,162,163,1
C,163,164,1
A,164,169,5
T,169,171,2
A,171,172,1
T,172,174,2
G,174,175,1
T,175,176,1
G,176,177,1
C,177,178,1
T,178,183,5
A,183,184,1
C,184,185,1
A,185,186,1
C,186,187,1
T,187,188,1
A,188,192,4
T,192,193,1
A,193,194,1
T,194,195,1
A,195,196,1
T,196,198,2
A,198,199,1
T,199,201,2
G,201,202,1
A,202,204,2
T,204,208,4
A,208,210,2
T,210,213,3
C,213,214,1
A,214,215,1
T,215,223,8
A,223,224,1
T,224,228,4
A,228,231,3
T,231,236,5
C,236,237,1
T,237,239,2
A,239,241,2
T,241,245,4
A,245,247,2
T,247,249,2
C,249,250,1
A,250,253,3
T,253,254,1
A,254,258,4
T,258,259,1
A,259,260,1
T,260,267,7
A,267,268,1
T,268,272,4
A,272,273,1
T,273,275,2
C,275,276,1
T,276,284,8
A,284,285,1
G,285,286,1
A,286,288,2
C,288,289,1
T,289,292,3
A,292,294,2
T,294,297,3
C,297,298,1
T,298,299,1
A,299,300,1
T,300,303,3
C,303,304,1
T,304,306,2
C,306,307,1
A,307,310,3
T,310,312,2
C,312,313,1
T,313,315,2
G,315,316,1
A,316,317,1
T,317,319,2
A,319,320,1
G,320,322,2
A,322,323,1
T,323,324,1
G,324,325,1
T,325,327,2
G,327,328,1
A,328,330,2
T,330,332,2
G,332,334,2
A,334,335,1
T,335,337,2
A,337,338,1
G,338,339,1
A,339,342,3
T,342,344,2
A,344,346,2
T,346,349,3
A,349,350,1
T,350,352,2
A,352,354,2
G,354,355,1
A,355,356,1
T,356,359,3
A,359,360,1
T,360,362,2
C,362,364,2
T,364,367,3
A,367,369,2
T,369,372,3
C,372,374,2
A,374,376,2
T,376,378,2
C,378,379,1
A,379,385,6
T,385,386,1
C,386,387,1
T,387,391,4
A,391,392,1
T,392,393,1
C,393,394,1
T,394,396,2
C,396,397,1
T,397,398,1
G,398,399,1
A,399,401,2
G,401,402,1
C,402,403,1
A,403,404,1
G,404,405,1
C,405,406,1
A,406,407,1
C,407,408,1
T,408,409,1
A,409,413,4
T,413,414,1
A,414,415,1
T,415,418,3
C,418,420,2
T,420,422,2
G,422,423,1
T,423,425,2
C,425,426,1
A,426,428,2
T,428,429,1
C,429,431,2
A,431,432,1
T,432,434,2
G,434,435,1
C,435,436,1
T,436,438,2
C,438,439,1
T,439,440,1
A,440,441,1
T,441,443,2
A,443,445,2
T,445,451,6
A,451,452,1
T,452,455,3
A,455,456,1
C,456,457,1
A,457,459,2
T,459,461,2
A,461,462,1
T,462,466,4
A,466,471,5
T,471,472,1
A,472,474,2
T,474,475,1
A,475,476,1
T,476,478,2
A,478,480,2
T,480,481,1
A,481,487,6
T,487,491,4
G,491,492,1
A,492,495,3
T,495,496,1
A,496,499,3
T,499,502,3
A,502,504,2
T,504,510,6
C,510,511,1
T,511,512,1
A,512,513,1
T,513,517,4
G,517,518,1
A,518,519,1
T,519,521,2
A,521,523,2
T,523,525,2
C,525,526,1
T,526,528,2
C,528,529,1
A,529,530,1
T,530,532,2
G,532,533,1
T,533,535,2
A,535,537,2
T,537,538,1
A,538,543,5
T,543,544,1
A,544,545,1
G,545,547,2
A,547,548,1
T,548,549,1
C,549,550,1
T,550,551,1
A,551,552,1
C,552,556,4
A,556,557,1
T,557,559,2
C,559,561,2
A,561,562,1
T,562,567,5
G,567,568,1
A,568,569,1
T,569,571,2
C,571,574,3
T,574,575,1
A,575,577,2
C,577,578,1
A,578,579,1
T,579,581,2
A,581,582,1
T,582,584,2
G,584,585,1
A,585,587,2
G,587,589,2
T,589,592,3
A,592,593,1
T,593,594,1
C,594,595,1
A,595,596,1
T,596,597,1
G,597,598,1
A,598,599,1
T,599,602,3
A,602,604,2
T,604,606,2
G,606,607,1
T,607,610,3
C,610,611,1
A,611,612,1
T,612,616,4
A,616,618,2
T,618,619,1
A,619,620,1
T,620,621,1
C,621,622,1
T,622,624,2
G,624,625,1
A,625,626,1
C,626,627,1
A,627,633,6
T,633,636,3
C,636,637,1
T,637,638,1
C,638,640,2
T,640,641,1
A,641,642,1
T,642,643,1
A,643,645,2
T,645,649,4
A,649,650,1
T,650,652,2
A,652,653,1
T,653,654,1
C,654,655,1
T,655,657,2
A,657,658,1
T,658,660,2
A,660,661,1
T,661,662,1
A,662,663,1
T,663,665,2
A,665,667,2
T,667,668,1
A,668,670,2
T,670,671,1
A,671,673,2
T,673,677,4
A,677,678,1
T,678,682,4
A,682,683,1
C,683,684,1
T,684,685,1
A,685,687,2
T,687,690,3
C,690,691,1
T,691,692,1
A,692,693,1
T,693,698,5
A,698,700,2
T,700,701,1
A,701,702,1
C,702,703,1
A,703,705,2
T,705,707,2
A,707,708,1
T,708,710,2
G,710,712,2
A,712,714,2
C,714,715,1
T,715,718,3
A,718,719,1
G,719,721,2
A,721,723,2
G,723,724,1
A,724,725,1
T,725,727,2
A,727,730,3
T,730,731,1
C,731,732,1
A,732,735,3
C,735,736,1
T,736,738,2
C,738,739,1
T,739,740,1
C,740,741,1
T,741,743,2
C,743,744,1
G,744,745,1
T,745,746,1
A,746,750,4
T,750,754,4
A,754,756,2
C,756,757,1
T,757,762,5
C,762,763,1
T,763,765,2
C,765,766,1
T,766,767,1
A,767,768,1
T,768,770,2
A,770,772,2
T,772,773,1
A,773,775,2
T,775,778,3
A,778,779,1
G,779,781,2
T,781,783,2
G,783,784,1
A,784,786,2
T,786,787,1
A,787,788,1
T,788,790,2
A,790,792,2
T,792,793,1
A,793,794,1
T,794,795,1
C,795,796,1
T,796,799,3
A,799,801,2
T,801,802,1
A,802,804,2
T,804,806,2
A,806,807,1
G,807,808,1
A,808,809,1
G,809,810,1
A,810,811,1
T,811,812,1
A,812,814,2
T,814,817,3
A,817,818,1
T,818,819,1
G,819,820,1
A,820,821,1
T,821,823,2
A,823,824,1
T,824,828,4
A,828,829,1
T,829,835,6
A,835,836,1
T,836,838,2
C,838,839,1
T,839,840,1
A,840,841,1
T,841,843,2
C,843,844,1
T,844,851,7
A,851,852,1
T,852,854,2
A,854,855,1
G,855,856,1
A,856,858,2
T,858,860,2
G,860,861,1
T,861,862,1
A,862,863,1
T,863,864,1
G,864,865,1
T,865,869,4
A,869,870,1
T,870,871,1
A,871,872,1
T,872,875,3
A,875,877,2
T,877,878,1
A,878,879,1
T,879,880,1
A,880,881,1
T,881,884,3
A,884,886,2
T,886,887,1
A,887,888,1
T,888,889,1
A,889,890,1
T,890,891,1
A,891,892,1
T,892,893,1
A,893,894,1
T,894,896,2
A,896,897,1
T,897,899,2
A,899,901,2
T,901,902,1
C,902,903,1
A,903,905,2
T,905,907,2
A,907,908,1
T,908,911,3
A,911,912,1
T,912,914,2
A,914,915,1
T,915,917,2
A,917,919,2
C,919,920,1
A,920,921,1
T,921,922,1
A,922,925,3
T,925,927,2
A,927,928,1
T,928,930,2
C,930,931,1
T,931,932,1
A,932,933,1
T,933,934,1
A,934,938,4
T,938,942,4
C,942,945,3
T,945,952,7
A,952,954,2
T,954,963,9
C,963,964,1
A,964,965,1
T,965,967,2
A,967,969,2
G,969,970,1
A,970,971,1
G,971,973,2
T,973,976,3
A,976,977,1
C,977,979,2
T,979,980,1
C,980,982,2
T,982,985,3
C,985,986,1
T,986,988,2
A,988,989,1
G,989,991,2
A,991,992,1
T,992,998,6
C,998,1000,2
T,1000,1001,1
A,1001,1004,3
T,1004,1005,1
G,1005,1006,1
A,1006,1008,2
T,1008,1009,1
C,1009,1010,1
A,1010,1011,1
T,1011,1013,2
A,1013,1014,1
T,1014,1016,2
A,1016,1018,2
T,1018,1022,4
C,1022,1023,1
T,1023,1025,2
A,1025,1026,1
T,1026,1028,2
A,1028,1030,2
T,1030,1031,1
A,1031,1033,2
T,1033,1034,1
A,1034,1036,2
T,1036,1039,3
A,1039,1041,2
T,1041,1042,1
A,1042,1043,1
T,1043,1045,2
A,1045,1047,2
T,1047,1050,3
G,1050,1051,1
T,1051,1055,4
A,1055,1056,1
T,1056,1061,5
A,1061,1062,1
T,1062,1064,2
C,1064,1065,1
T,1065,1066,1
A,1066,1068,2
T,1068,1069,1
A,1069,1071,2
G,1071,1072,1
A,1072,1073,1
T,1073,1075,2
A,1075,1077,2
T,1077,1078,1
A,1078,1080,2
T,1080,1081,1
A,1081,1083,2
T,1083,1084,1
A,1084,1085,1
T,1085,1088,3
A,1088,1089,1
T,1089,1092,3
A,1092,1093,1
T,1093,1094,1
A,1094,1095,1
T,1095,1097,2
C,1097,1098,1
G,1098,1099,1
A,1099,1101,2
T,1101,1103,2
A,1103,1104,1
T,1104,1105,1
A,1105,1106,1
T,1106,1107,1
A,1107,1108,1
T,1108,1110,2
C,1110,1111,1
T,1111,1113,2
C,1113,1114,1
A,1114,1116,2
T,1116,1118,2
A,1118,1119,1
T,1119,1120,1
A,1120,1121,1
T,1121,1124,3
A,1124,1126,2
T,1126,1128,2
A,1128,1129,1
T,1129,1133,4
A,1133,1137,4
T,1137,1138,1
A,1138,1142,4
T,1142,1143,1
G,1143,1144,1
A,1144,1145,1
T,1145,1148,3
A,1148,1150,2
T,1150,1159,9
A,1159,1165,6
T,1165,1166,1
A,1166,1168,2
T,1168,1169,1
C,1169,1170,1
A,1170,1172,2
T,1172,1174,2
A,1174,1175,1
T,1175,1177,2
A,1177,1179,2
T,1179,1180,1
A,1180,1182,2
T,1182,1183,1
C,1183,1184,1
A,1184,1186,2
T,1186,1187,1
A,1187,1188,1
T,1188,1193,5
A,1193,1195,2
T,1195,1198,3
A,1198,1200,2
T,1200,1203,3
C,1203,1204,1
T,1204,1205,1
A,1205,1206,1
T,1206,1208,2
A,1208,1209,1
T,1209,1210,1
A,1210,1211,1
G,1211,1213,2
A,1213,1215,2
T,1215,1216,1
A,1216,1218,2
T,1218,1222,4
A,1222,1224,2
C,1224,1225,1
A,1225,1227,2
C,1227,1228,1
T,1228,1236,8
A,1236,1237,1
T,1237,1238,1
A,1238,1239,1
T,1239,1242,3
A,1242,1244,2
G,1244,1246,2
T,1246,1250,4
A,1250,1252,2
G,1252,1253,1
T,1253,1255,2
A,1255,1256,1
T,1256,1257,1
A,1257,1258,1
T,1258,1259,1
A,1259,1262,3
C,1262,1263,1
T,1263,1264,1
A,1264,1266,2
T,1266,1267,1
A,1267,1269,2
T,1269,1270,1
C,1270,1271,1
T,1271,1273,2
C,1273,1274,1
A,1274,1278,4
T,1278,1280,2
A,1280,1281,1
T,1281,1282,1
A,1282,1289,7
G,1289,1290,1
A,1290,1291,1
T,1291,1292,1
A,1292,1294,2
T,1294,1295,1
C,1295,1296,1
T,1296,1299,3
A,1299,1301,2
G,1301,1302,1
C,1302,1304,2
T,1304,1306,2
A,1306,1307,1
G,1307,1308,1
T,1308,1309,1
A,1309,1311,2
T,1311,1313,2
A,1313,1316,3
T,1316,1320,4
A,1320,1321,1
C,1321,1322,1
T,1322,1323,1
C,1323,1325,2
T,1325,1327,2
A,1327,1331,4
T,1331,1334,3
G,1334,1335,1
C,1335,1336,1
A,1336,1338,2
T,1338,1342,4
A,1342,1343,1
T,1343,1344,1
A,1344,1345,1
T,1345,1346,1
C,1346,1347,1
A,1347,1348,1
T,1348,1350,2
A,1350,1352,2
T,1352,1353,1
G,1353,1354,1
A,1354,1356,2
T,1356,1357,1
A,1357,1358,1
C,1358,1359,1
A,1359,1361,2
G,1361,1362,1
A,1362,1363,1
C,1363,1364,1
T,1364,1366,2
A,1366,1367,1
T,1367,1368,1
A,1368,1370,2
T,1370,1371,1
A,1371,1375,4
G,1375,1376,1
A,1376,1377,1
G,1377,1378,1
A,1378,1379,1
T,1379,1381,2
A,1381,1382,1
T,1382,1383,1
C,1383,1384,1
A,1384,1385,1
T,1385,1387,2
C,1387,1388,1
T,1388,1389,1
C,1389,1390,1
A,1390,1391,1
T,1391,1392,1
A,1392,1395,3
T,1395,1396,1
A,1396,1399,3
T,1399,1402,3
A,1402,1403,1
C,1403,1404,1
A,1404,1406,2
T,1406,1409,3
A,1409,1410,1
T,1410,1411,1
C,1411,1412,1
A,1412,1413,1
C,1413,1414,1
T,1414,1416,2
A,1416,1417,1
T,1417,1418,1
C,1418,1419,1
T,1419,1421,2
C,1421,1422,1
A,1422,1423,1
G,1423,1424,1
C,1424,1426,2
A,1426,1427,1
T,1427,1431,4
A,1431,1432,1
T,1432,1434,2
A,1434,1435,1
G,1435,1436,1
C,1436,1437,1
G,1437,1438,1
A,1438,1442,4
T,1442,1443,1
G,1443,1444,1
A,1444,1445,1
C,1445,1446,1
T,1446,1449,3
A,1449,1450,1
T,1450,1452,2
C,1452,1453,1
A,1453,1455,2
C,1455,1456,1
T,1456,1457,1
A,1457,1459,2
T,1459,1460,1
C,1460,1461,1
A,1461,1462,1
T,1462,1463,1
A,1463,1466,3
G,1466,1467,1
A,1467,1468,1
T,1468,1469,1
A,1469,1470,1
T,1470,1472,2
G,1472,1474,2
A,1474,1476,2
C,1476,1477,1
A,1477,1478,1
T,1478,1480,2
A,1480,1481,1
T,1481,1482,1
A,1482,1483,1
T,1483,1487,4
A,1487,1488,1
T,1488,1493,5
G,1493,1495,2
A,1495,1497,2
T,1497,1500,3
G,1500,1501,1
A,1501,1502,1
G,1502,1503,1
C,1503,1504,1
A,1504,1505,1
G,1505,1507,2
A,1507,1509,2
T,1509,1510,1
A,1510,1512,2
T,1512,1514,2
G,1514,1516,2
T,1516,1517,1
A,1517,1518,1
C,1518,1519,1
T,1519,1521,2
C,1521,1522,1
A,1522,1523,1
T,1523,1525,2
A,1525,1527,2
G,1527,1528,1
A,1528,1529,1
T,1529,1531,2
A,1531,1532,1
T,1532,1534,2
A,1534,1536,2
T,1536,1538,2
C,1538,1539,1
G,1539,1540,1
T,1540,1541,1
A,1541,1542,1
C,1542,1543,1
T,1543,1544,1
G,1544,1545,1
A,1545,1547,2
T,1547,1549,2
A,1549,1550,1
G,1550,1552,2
A,1552,1555,3
T,1555,1556,1
C,1556,1558,2
T,1558,1559,1
G,1559,1561,2
T,1561,1563,2
C,1563,1564,1
A,1564,1565,1
T,1565,1567,2
A,1567,1569,2
T,1569,1571,2
G,1571,1573,2
A,1573,1574,1
G,1574,1575,1
A,1575,1576,1
T,1576,1577,1
G,1577,1578,1
A,1578,1579,1
T,1579,1580,1
C,1580,1581,1
A,1581,1584,3
T,1584,1587,3
A,1587,1588,1
T,1588,1589,1
A,1589,1591,2
T,1591,1592,1
A,1592,1593,1
C,1593,1594,1
T,1594,1595,1
A,1595,1596,1
T,1596,1598,2
G,1598,1599,1
T,1599,1601,2
A,1601,1602,1
C,1602,1603,1
A,1603,1604,1
G,1604,1605,1
C,1605,1606,1
T,1606,1607,1
C,1607,1608,1
A,1608,1609,1
T,1609,1610,1
G,1610,1611,1
C,1611,1612,1
A,1612,1613,1
T,1613,1616,3
A,1616,1617,1
T,1617,1619,2
A,1619,1620,1
T,1620,1621,1
A,1621,1623,2
T,1623,1631,8
A,1631,1632,1
T,1632,1633,1
A,1633,1634,1
G,1634,1635,1
T,1635,1637,2
A,1637,1638,1
T,1638,1639,1
A,1639,1640,1
C,1640,1642,2
T,1642,1643,1
A,1643,1644,1
T,1644,1646,2
A,1646,1647,1
T,1647,1648,1
A,1648,1650,2
T,1650,1652,2
G,1652,1654,2
A,1654,1655,1
G,1655,1657,2
A,1657,1658,1
T,1658,1661,3
G,1661,1663,2
T,1663,1664,1
A,1664,1666,2
T,1666,1668,2
G,1668,1669,1
A,1669,1670,1
C,1670,1671,1
T,1671,1672,1
A,1672,1673,1
G,1673,1674,1
T,1674,1675,1
A,1675,1676,1
C,1676,1678,2
T,1678,1679,1
C,1679,1680,1
T,1680,1681,1
A,1681,1683,2
T,1683,1684,1
A,1684,1685,1
T,1685,1687,2
A,1687,1688,1
G,1688,1690,2
A,1690,1691,1
G,1691,1692,1
C,1692,1693,1
T,1693,1694,1
C,1694,1696,2
T,1696,1697,1
G,1697,1698,1
A,1698,1699,1
T,1699,1700,1
A,1700,1701,1
T,1701,1702,1
A,1702,1703,1
G,1703,1704,1
C,1704,1705,1
T,1705,1708,3
C,1708,1711,3
T,1711,1712,1
C,1712,1713,1
G,1713,1714,1
T,1714,1715,1
A,1715,1716,1
T,1716,1717,1
A,1717,1720,3
T,1720,1721,1
A,1721,1723,2
T,1723,1724,1
A,1724,1725,1
T,1725,1726,1
A,1726,1728,2
G,1728,1729,1
T,1729,1734,5
G,1734,1735,1
A,1735,1736,1
C,1736,1737,1
T,1737,1741,4
A,1741,1742,1
C,1742,1747,5
T,1747,1749,2
C,1749,1750,1
T,1750,1753,3
A,1753,1755,2
C,1755,1758,3
T,1758,1762,4
A,1762,1764,2
T,1764,1767,3
C,1767,1768,1
A,1768,1770,2
G,1770,1771,1
A,1771,1773,2
G,1773,1774,1
A,1774,1776,2
T,1776,1778,2
G,1778,1779,1
T,1779,1781,2
G,1781,1782,1
A,1782,1786,4
T,1786,1787,1
G,1787,1789,2
A,1789,1790,1
G,1790,1791,1
C,1791,1792,1
T,1792,1793,1
G,1793,1795,2
A,1795,1797,2
C,1797,1798,1
A,1798,1799,1
G,1799,1801,2
T,1801,1803,2
G,1803,1804,1
A,1804,1806,2
C,1806,1807,1
A,1807,1808,1
G,1808,1809,1
T,1809,1812,3
A,1812,1813,1
C,1813,1819,6
T,1819,1820,1
C,1820,1821,1
T,1821,1824,3
C,1824,1825,1
T,1825,1827,2
C,1827,1828,1
T,1828,1829,1
A,1829,1831,2
T,1831,1832,1
A,1832,1833,1
T,1833,1835,2
G,1835,1836,1
C,1836,1837,1
T,1837,1838,1
C,1838,1839,1
A,1839,1840,1
T,1840,1841,1
A,1841,1842,1
G,1842,1843,1
A,1843,1844,1
G,1844,1846,2
T,1846,1847,1
A,1847,1848,1
G,1848,1849,1
A,1849,1850,1
T,1850,1851,1
C,1851,1852,1
A,1852,1853,1
G,1853,1854,1
T,1854,1855,1
A,1855,1856,1
G,1856,1857,1
A,1857,1858,1
T,1858,1861,3
A,1861,1862,1
G,1862,1863,1
C,1863,1864,1
T,1864,1865,1
A,1865,1866,1
T,1866,1872,6
C,1872,1873,1
T,1873,1874,1
C,1874,1875,1
T,1875,1877,2
C,1877,1878,1
A,1878,1879,1
T,1879,1880,1
C,1880,1881,1
T,1881,1882,1
A,1882,1883,1
G,1883,1884,1
C,1884,1885,1
T,1885,1886,1
G,1886,1888,2
A,1888,1890,2
T,1890,1893,3
C,1893,1894,1
T,1894,1896,2
C,1896,1897,1
A,1897,1899,2
T,1899,1901,2
C,1901,1902,1
T,1902,1904,2
G,1904,1906,2
A,1906,1907,1
G,1907,1908,1
C,1908,1909,1
A,1909,1911,2
T,1911,1913,2
A,1913,1915,2
T,1915,1919,4
A,1919,1920,1
T,1920,1922,2
A,1922,1923,1
C,1923,1924,1
T,1924,1925,1
A,1925,1926,1
C,1926,1927,1
A,1927,1929,2
T,1929,1931,2
A,1931,1932,1
T,1932,1934,2
A,1934,1936,2
T,1936,1937,1
A,1937,1938,1
T,1938,1939,1
A,1939,1940,1
C,1940,1941,1
G,1941,1942,1
T,1942,1943,1
A,1943,1944,1
T,1944,1946,2
A,1946,1948,2
T,1948,1949,1
A,1949,1951,2
T,1951,1952,1
A,1952,1953,1
T,1953,1954,1
A,1954,1955,1
T,1955,1956,1
C,1956,1957,1
A,1957,1958,1
T,1958,1961,3
G,1961,1962,1
A,1962,1963,1
T,1963,1964,1
C,1964,1965,1
A,1965,1968,3
T,1968,1969,1
A,1969,1970,1
C,1970,1972,2
T,1972,1975,3
A,1975,1976,1
T,1976,1979,3
G,1979,1980,1
T,1980,1983,3
G,1983,1984,1
A,1984,1985,1
G,1985,1986,1
C,1986,1987,1
T,1987,1988,1
G,1988,1989,1
T,1989,1990,1
A,1990,1991,1
G,1991,1993,2
T,1993,1994,1
A,1994,1995,1
T,1995,1997,2
A,1997,1998,1
C,1998,1999,1
A,1999,2000,1
G,2000,2001,1
C,2001,2002,1
T,2002,2005,3
A,2005,2006,1
T,2006,2008,2
A,2008,2009,1
C,2009,2010,1
T,2010,2012,2
C,2012,2013,1
T,2013,2015,2
C,2015,2016,1
T,2016,2019,3
C,2019,2020,1
T,2020,2021,1
C,2021,2022,1
T,2022,2024,2
C,2024,2026,2
T,2026,2027,1
G,2027,2028,1
T,2028,2032,4
A,2032,2033,1
G,2033,2034,1
C,2034,2035,1
T,2035,2036,1
G,2036,2038,2
A,2038,2039,1
G,2039,2040,1
C,2040,2041,1
T,2041,2042,1
A,2042,2043,1
T,2043,2045,2
A,2045,2046,1
C,2046,2047,1
T,2047,2048,1
A,2048,2049,1
T,2049,2050,1
A,2050,2051,1
T,2051,2053,2
A,2053,2054,1
T,2054,2056,2
A,2056,2058,2
C,2058,2059,1
A,2059,2060,1
G,2060,2061,1
A,2061,2062,1
T,2062,2063,1
C,2063,2064,1
G,2064,2065,1
A,2065,2068,3
T,2068,2071,3
A,2071,2074,3
T,2074,2075,1
A,2075,2076,1
C,2076,2077,1
T,2077,2079,2
C,2079,2080,1
T,2080,2087,7
G,2087,2088,1
A,2088,2089,1
T,2089,2090,1
C,2090,2092,2
A,2092,2093,1
G,2093,2094,1
C,2094,2095,1
T,2095,2096,1
G,2096,2098,2
A,2098,2099,1
G,2099,2101,2
A,2101,2102,1
G,2102,2104,2
A,2104,2105,1
G,2105,2106,1
A,2106,2107,1
C,2107,2110,3
A,2110,2112,2
T,2112,2114,2
C,2114,2115,1
T,2115,2118,3
A,2118,2119,1
T,2119,2120,1
C,2120,2121,1
A,2121,2123,2
C,2123,2124,1
A,2124,2125,1
T,2125,2128,3
A,2128,2129,1
T,2129,2133,4
G,2133,2134,1
A,2134,2135,1
T,2135,2141,6
G,2141,2143,2
T,2143,2144,1
C,2144,2145,1
A,2145,2146,1
C,2146,2149,3
A,2149,2150,1
G,2150,2151,1
A,2151,2153,2
G,2153,2154,1
T,2154,2157,3
A,2157,2158,1
T,2158,2159,1
A,2159,2160,1
T,2160,2164,4
A,2164,2166,2
T,2166,2170,4
A,2170,2171,1
C,2171,2173,2
A,2173,2174,1
G,2174,2176,2
A,2176,2177,1
T,2177,2180,3
G,2180,2182,2
T,2182,2183,1
A,2183,2184,1
T,2184,2185,1
A,2185,2187,2
T,2187,2188,1
C,2188,2189,1
T,2189,2190,1
C,2190,2193,3
A,2193,2194,1
T,2194,2195,1
A,2195,2196,1
T,2196,2198,2
A,2198,2199,1
T,2199,2202,3
C,2202,2203,1
T,2203,2204,1
C,2204,2205,1
A,2205,2207,2
G,2207,2208,1
A,2208,2211,3
G,2211,2212,1
A,2212,2213,1
G,2213,2216,3
A,2216,2222,6
G,2222,2223,1
A,2223,2226,3
C,2226,2227,1
A,2227,2228,1
T,2228,2231,3
G,2231,2233,2
T,2233,2235,2
G,2235,2236,1
T,2236,2239,3
A,2239,2240,1
G,2240,2242,2
A,2242,2244,2
T,2244,2245,1
A,2245,2247,2
T,2247,2250,3
A,2250,2251,1
T,2251,2252,1
G,2252,2253,1
C,2253,2254,1
T,2254,2255,1
A,2255,2256,1
T,2256,2257,1
A,2257,2259,2
T,2259,2260,1
A,2260,2261,1
G,2261,2262,1
C,2262,2263,1
T,2263,2264,1
A,2264,2265,1
T,2265,2267,2
G,2267,2269,2
T,2269,2272,3
A,2272,2273,1
T,2273,2275,2
A,2275,2276,1
G,2276,2278,2
A,2278,2279,1
T,2279,2282,3
A,2282,2283,1
T,2283,2285,2
G,2285,2286,1
T,2286,2289,3
G,2289,2290,1
A,2290,2291,1
G,2291,2292,1
C,2292,2293,1
T,2293,2294,1
C,2294,2295,1
A,2295,2296,1
T,2296,2297,1
C,2297,2298,1
A,2298,2299,1
T,2299,2300,1
A,2300,2301,1
T,2301,2302,1
A,2302,2303,1
T,2303,2305,2
C,2305,2306,1
A,2306,2307,1
C,2307,2308,1
A,2308,2309,1
G,2309,2310,1
T,2310,2311,1
A,2311,2312,1
G,2312,2314,2
A,2314,2316,2
T,2316,2317,1
A,2317,2318,1
G,2318,2319,1
A,2319,2320,1
T,2320,2321,1
A,2321,2322,1
T,2322,2323,1
C,2323,2324,1
G,2324,2325,1
A,2325,2326,1
C,2326,2327,1
A,2327,2328,1
C,2328,2329,1
T,2329,2330,1
C,2330,2331,1
G,2331,2332,1
A,2332,2333,1
G,2333,2334,1
C,2334,2335,1
T,2335,2337,2
A,2337,2338,1
T,2338,2341,3
C,2341,2342,1
A,2342,2343,1
C,2343,2345,2
T,2345,2346,1
C,2346,2347,1
A,2347,2348,1
G,2348,2349,1
C,2349,2350,1
T,2350,2351,1
A,2351,2352,1
C,2352,2353,1
T,2353,2354,1
A,2354,2355,1
T,2355,2356,1
A,2356,2358,2
T,2358,2360,2
A,2360,2361,1
T,2361,2363,2
G,2363,2364,1
C,2364,2365,1
T,2365,2366,1
G,2366,2367,1
T,2367,2369,2
C,2369,2372,3
A,2372,2373,1
C,2373,2374,1
A,2374,2375,1
G,2375,2377,2
T,2377,2378,1
A,2378,2379,1
T,2379,2381,2
A,2381,2385,4
T,2385,2390,5
A,2390,2391,1
G,2391,2392,1
T,2392,2394,2
G,2394,2395,1
A,2395,2396,1
T,2396,2398,2
A,2398,2399,1
G,2399,2400,1
C,2400,2401,1
T,2401,2402,1
A,2402,2403,1
C,2403,2405,2
T,2405,2407,2
A,2407,2408,1
C,2408,2409,1
A,2409,2410,1
T,2410,2411,1
G,2411,2413,2
T,2413,2414,1
A,2414,2415,1
C,2415,2416,1
T,2416,2417,1
C,2417,2418,1
A,2418,2421,3
T,2421,2423,2
A,2423,2425,2
C,2425,2426,1
T,2426,2427,1
A,2427,2428,1
T,2428,2429,1
A,2429,2430,1
G,2430,2431,1
A,2431,2432,1
C,2432,2434,2
T,2434,2436,2
C,2436,2437,1
A,2437,2439,2
T,2439,2443,4
A,2443,2444,1
T,2444,2445,1
G,2445,2446,1
A,2446,2448,2
G,2448,2449,1
A,2449,2450,1
T,2450,2452,2
A,2452,2453,1
G,2453,2455,2
A,2455,2456,1
T,2456,2459,3
G,2459,2460,1
T,2460,2461,1
A,2461,2462,1
T,2462,2467,5
A,2467,2468,1
T,2468,2471,3
A,2471,2472,1
C,2472,2473,1
A,2473,2474,1
G,2474,2475,1
T,2475,2476,1
A,2476,2477,1
G,2477,2479,2
A,2479,2480,1
G,2480,2482,2
A,2482,2483,1
T,2483,2485,2
A,2485,2487,2
C,2487,2488,1
T,2488,2489,1
G,2489,2491,2
A,2491,2492,1
G,2492,2493,1
T,2493,2494,1
A,2494,2496,2
T,2496,2500,4
A,2500,2501,1
G,2501,2502,1
C,2502,2503,1
T,2503,2504,1
A,2504,2506,2
T,2506,2508,2
C,2508,2509,1
T,2509,2511,2
C,2511,2512,1
T,2512,2513,1
A,2513,2514,1
T,2514,2516,2
G,2516,2517,1
A,2517,2518,1
T,2518,2519,1
A,2519,2520,1
T,2520,2522,2
A,2522,2523,1
C,2523,2524,1
T,2524,2525,1
C,2525,2526,1
T,2526,2528,2
C,2528,2529,1
A,2529,2530,1
T,2530,2531,1
G,2531,2532,1
A,2532,2533,1
T,2533,2534,1
A,2534,2535,1
C,2535,2536,1
T,2536,2538,2
A,2538,2539,1
T,2539,2541,2
A,2541,2542,1
T,2542,2543,1
G,2543,2544,1
T,2544,2545,1
G,2545,2547,2
T,2547,2548,1
A,2548,2549,1
G,2549,2550,1
C,2550,2551,1
T,2551,2552,1
C,2552,2553,1
A,2553,2554,1
T,2554,2557,3
C,2557,2559,2
A,2559,2560,1
T,2560,2562,2
A,2562,2563,1
T,2563,2564,1
G,2564,2565,1
T,2565,2569,4
A,2569,2570,1
T,2570,2571,1
C,2571,2572,1
T,2572,2573,1
A,2573,2574,1
T,2574,2575,1
A,2575,2576,1
G,2576,2578,2
A,2578,2579,1
G,2579,2580,1
C,2580,2581,1
T,2581,2582,1
G,2582,2583,1
T,2583,2584,1
A,2584,2585,1
T,2585,2587,2
C,2587,2588,1
G,2588,2589,1
C,2589,2590,1
T,2590,2591,1
A,2591,2592,1
T,2592,2594,2
A,2594,2595,1
T,2595,2596,1
A,2596,2597,1
G,2597,2602,5
A,2602,2603,1
T,2603,2606,3
A,2606,2607,1
T,2607,2609,2
C,2609,2610,1
A,2610,2611,1
T,2611,2613,2
G,2613,2614,1
A,2614,2615,1
T,2615,2616,1
A,2616,2617,1
T,2617,2618,1
C,2618,2620,2
T,2620,2623,3
A,2623,2624,1
T,2624,2627,3
A,2627,2628,1
C,2628,2629,1
A,2629,2630,1
G,2630,2632,2
T,2632,2633,1
C,2633,2634,1
T,2634,2637,3
C,2637,2638,1
T,2638,2641,3
A,2641,2644,3
T,2644,2645,1
C,2645,2647,2
T,2647,2653,6
A,2653,2654,1
T,2654,2656,2
A,2656,2661,5
T,2661,2663,2
C,2663,2664,1
A,2664,2666,2
T,2666,2669,3
A,2669,2670,1
T,2670,2673,3
C,2673,2674,1
T,2674,2675,1
A,2675,2676,1
T,2676,2677,1
A,2677,2678,1
T,2678,2681,3
A,2681,2682,1
T,2682,2684,2
G,2684,2686,2
A,2686,2687,1
G,2687,2688,1
T,2688,2690,2
A,2690,2692,2
T,2692,2695,3
A,2695,2697,2
C,2697,2699,2
T,2699,2705,6
C,2705,2707,2
T,2707,2708,1
C,2708,2709,1
A,2709,2711,2
C,2711,2712,1
A,2712,2713,1
T,2713,2719,6
A,2719,2720,1
G,2720,2722,2
T,2722,2725,3
A,2725,2726,1
G,2726,2727,1
C,2727,2728,1
T,2728,2729,1
G,2729,2731,2
T,2731,2732,1
A,2732,2733,1
T,2733,2734,1
G,2734,2735,1
C,2735,2737,2
T,2737,2738,1
C,2738,2739,1
G,2739,2740,1
A,2740,2741,1
C,2741,2742,1
G,2742,2743,1
A,2743,2744,1
T,2744,2745,1
A,2745,2746,1
T,2746,2748,2
C,2748,2749,1
T,2749,2750,1
G,2750,2751,1
A,2751,2752,1
T,2752,2754,2
A,2754,2755,1
C,2755,2758,3
A,2758,2759,1
G,2759,2760,1
A,2760,2761,1
T,2761,2762,1
A,2762,2764,2
T,2764,2768,4
A,2768,2769,1
T,2769,2772,3
C,2772,2773,1
T,2773,2775,2
G,2775,2776,1
A,2776,2779,3
T,2779,2780,1
A,2780,2781,1
T,2781,2783,2
A,2783,2784,1
T,2784,2787,3
C,2787,2788,1
A,2788,2789,1
T,2789,2790,1
C,2790,2791,1
T,2791,2795,4
G,2795,2797,2
T,2797,2799,2
C,2799,2800,1
T,2800,2802,2
A,2802,2803,1
T,2803,2804,1
A,2804,2805,1
T,2805,2808,3
C,2808,2809,1
T,2809,2812,3
A,2812,2813,1
T,2813,2817,4
C,2817,2818,1
T,2818,2819,1
A,2819,2820,1
T,2820,2821,1
A,2821,2823,2
T,2823,2824,1
A,2824,2826,2
T,2826,2827,1
A,2827,2829,2
T,2829,2830,1
A,2830,2832,2
T,2832,2833,1
A,2833,2835,2
T,2835,2836,1
A,2836,2838,2
T,2838,2840,2
A,2840,2841,1
T,2841,2844,3
G,2844,2845,1
A,2845,2846,1
G,2846,2847,1
A,2847,2849,2
T,2849,2850,1
C,2850,2851,1
T,2851,2852,1
A,2852,2853,1
T,2853,2854,1
A,2854,2856,2
T,2856,2858,2
A,2858,2860,2
T,2860,2861,1
C,2861,2862,1
A,2862,2864,2
C,2864,2865,1
A,2865,2866,1
T,2866,2867,1
A,2867,2868,1
T,2868,2870,2
A,2870,2871,1
T,2871,2872,1
C,2872,2873,1
T,2873,2875,2
A,2875,2876,1
T,2876,2879,3
C,2879,2881,2
T,2881,2882,1
A,2882,2883,1
T,2883,2885,2
A,2885,2887,2
T,2887,2888,1
A,2888,2889,1
T,2889,2890,1
A,2890,2891,1
C,2891,2893,2
T,2893,2895,2
C,2895,2896,1
T,2896,2898,2
C,2898,2899,1
T,2899,2900,1
A,2900,2901,1
T,2901,2903,2
G,2903,2904,1
A,2904,2906,2
T,2906,2907,1
G,2907,2908,1
A,2908,2909,1
C,2909,2910,1
T,2910,2912,2
C,2912,2913,1
A,2913,2917,4
T,2917,2919,2
C,2919,2923,4
T,2923,2924,1
C,2924,2927,3
T,2927,2928,1
C,2928,2929,1
A,2929,2930,1
G,2930,2931,1
A,2931,2933,2
C,2933,2934,1
A,2934,2935,1
T,2935,2937,2
C,2937,2938,1
A,2938,2939,1
T,2939,2940,1
A,2940,2941,1
T,2941,2942,1
A,2942,2944,2
T,2944,2945,1
G,2945,2946,1
A,2946,2948,2
C,2948,2949,1
T,2949,2951,2
C,2951,2953,2
A,2953,2955,2
T,2955,2959,4
A,2959,2961,2
G,2961,2962,1
A,2962,2965,3
T,2965,2968,3
C,2968,2969,1
T,2969,2970,1
A,2970,2972,2
T,2972,2973,1
A,2973,2974,1
T,2974,2975,1
G,2975,2976,1
T,2976,2977,1
C,2977,2978,1
A,2978,2979,1
G,2979,2980,1
A,2980,2981,1
T,2981,2983,2
A,2983,2984,1
T,2984,2985,1
A,2985,2986,1
T,2986,2987,1
G,2987,2988,1
A,2988,2991,3
T,2991,2992,1
G,2992,2994,2
A,2994,2995,1
T,2995,2998,3
A,2998,3001,3
C,3001,3005,4
A,3005,3006,1
T,3006,3007,1
C,3007,3008,1
T,3008,3009,1
A,3009,3010,1
T,3010,3011,1
A,3011,3014,3
G,3014,3016,2
A,3016,3017,1
T,3017,3019,2
A,3019,3020,1
T,3020,3021,1
C,3021,3023,2
T,3023,3030,7
A,3030,3031,1
G,3031,3032,1
A,3032,3035,3
T,3035,3036,1
G,3036,3038,2
C,3038,3039,1
A,3039,3041,2
C,3041,3042,1
T,3042,3044,2
G,3044,3045,1
A,3045,3046,1
T,3046,3047,1
C,3047,3048,1
T,3048,3049,1
A,3049,3051,2
T,3051,3054,3
C,3054,3055,1
T,3055,3056,1
A,3056,3057,1
T,3057,3058,1
C,3058,3059,1
T,3059,3060,1
C,3060,3062,2
A,3062,3066,4
T,3066,3067,1
A,3067,3068,1
G,3068,3069,1
A,3069,3070,1
G,3070,3071,1
C,3071,3072,1
T,3072,3074,2
C,3074,3075,1
T,3075,3076,1
C,3076,3078,2
T,3078,3081,3
A,3081,3083,2
T,3083,3084,1
A,3084,3085,1
G,3085,3086,1
A,3086,3088,2
C,3088,3089,1
A,3089,3092,3
T,3092,3094,2
A,3094,3095,1
T,3095,3103,8
C,3103,3104,1
A,3104,3105,1
T,3105,3106,1
G,3106,3107,1
A,3107,3108,1
T,3108,3109,1
C,3109,3110,1
A,3110,3111,1
T,3111,3112,1
A,3112,3113,1
C,3113,3115,2
T,3115,3117,2
A,3117,3119,2
T,3119,3121,2
A,3121,3122,1
T,3122,3126,4
A,3126,3128,2
T,3128,3130,2
A,3130,3131,1
T,3131,3132,1
A,3132,3134,2
T,3134,3136,2
A,3136,3137,1
C,3137,3138,1
A,3138,3140,2
T,3140,3141,1
A,3141,3142,1
T,3142,3144,2
A,3144,3145,1
G,3145,3146,1
T,3146,3148,2
A,3148,3149,1
G,3149,3150,1
T,3150,3152,2
A,3152,3153,1
T,3153,3156,3
A,3156,3158,2
T,3158,3159,1
A,3159,3160,1
T,3160,3163,3
A,3163,3165,2
T,3165,3168,3
A,3168,3169,1
T,3169,3175,6
A,3175,3177,2
T,3177,3178,1
A,3178,3181,3
T,3181,3182,1
A,3182,3183,1
T,3183,3184,1
A,3184,3185,1
T,3185,3187,2
A,3187,3189,2
T,3189,3190,1
C,3190,3191,1
G,3191,3192,1
A,3192,3193,1
T,3193,3196,3
C,3196,3197,1
T,3197,3201,4
A,3201,3202,1
G,3202,3203,1
A,3203,3205,2
G,3205,3207,2
A,3207,3208,1
C,3208,3209,1
A,3209,3212,3
T,3212,3213,1
A,3213,3215,2
T,3215,3217,2
G,3217,3218,1
A,3218,3220,2
T,3220,3222,2
A,3222,3224,2
T,3224,3227,3
G,3227,3228,1
A,3228,3230,2
C,3230,3231,1
A,3231,3233,2
T,3233,3235,2
A,3235,3236,1
T,3236,3238,2
C,3238,3240,2
A,3240,3241,1
G,3241,3242,1
C,3242,3243,1
A,3243,3245,2
T,3245,3247,2
A,3247,3248,1
C,3248,3249,1
T,3249,3252,3
A,3252,3254,2
T,3254,3259,5
A,3259,3260,1
T,3260,3261,1
C,3261,3262,1
G,3262,3263,1
C,3263,3266,3
T,3266,3268,2
C,3268,3270,2
T,3270,3272,2
C,3272,3273,1
T,3273,3274,1
C,3274,3275,1
T,3275,3277,2
C,3277,3278,1
G,3278,3279,1
A,3279,3280,1
T,3280,3282,2
A,3282,3283,1
T,3283,3285,2
A,3285,3286,1
T,3286,3287,1
A,3287,3288,1
T,3288,3289,1
C,3289,3290,1
T,3290,3294,4
A,3294,3295,1
G,3295,3296,1
A,3296,3297,1
T,3297,3298,1
G,3298,3299,1
A,3299,3301,2
T,3301,3303,2
A,3303,3306,3
T,3306,3307,1
A,3307,3309,2
T,3309,3310,1
C,3310,3312,2
T,3312,3315,3
A,3315,3317,2
T,3317,3319,2
A,3319,3320,1
C,3320,3321,1
T,3321,3324,3
A,3324,3328,4
T,3328,3329,1
C,3329,3330,1
T,3330,3331,1
A,3331,3332,1
T,3332,3334,2
G,3334,3336,2
A,3336,3337,1
C,3337,3338,1
A,3338,3339,1
T,3339,3340,1
C,3340,3341,1
A,3341,3343,2
T,3343,3344,1
G,3344,3345,1
A,3345,3346,1
T,3346,3347,1
A,3347,3348,1
C,3348,3349,1
T,3349,3350,1
G,3350,3351,1
A,3351,3353,2
G,3353,3354,1
T,3354,3356,2
A,3356,3357,1
T,3357,3358,1
G,3358,3359,1
A,3359,3361,2
T,3361,3362,1
A,3362,3363,1
T,3363,3365,2
C,3365,3366,1
T,3366,3367,1
G,3367,3368,1
A,3368,3369,1
T,3369,3372,3
C,3372,3373,1
A,3373,3374,1
T,3374,3376,2
A,3376,3378,2
T,3378,3379,1
G,3379,3380,1
T,3380,3382,2
G,3382,3383,1
A,3383,3385,2
T,3385,3388,3
G,3388,3389,1
A,3389,3390,1
T,3390,3392,2
C,3392,3393,1
T,3393,3395,2
A,3395,3396,1
T,3396,3397,1
A,3397,3398,1
T,3398,3399,1
A,3399,3401,2
T,3401,3403,2
A,3403,3405,2
T,3405,3407,2
A,3407,3408,1
T,3408,3409,1
G,3409,3410,1
A,3410,3415,5
G,3415,3416,1
A,3416,3420,4
T,3420,3423,3
A,3423,3425,2
G,3425,3426,1
A,3426,3429,3
T,3429,3433,4
C,3433,3434,1
G,3434,3435,1
A,3435,3436,1
T,3436,3438,2
A,3438,3439,1
C,3439,3440,1
T,3440,3442,2
G,3442,3443,1
A,3443,3444,1
T,3444,3445,1
G,3445,3446,1
T,3446,3448,2
G,3448,3449,1
A,3449,3450,1
T,3450,3451,1
A,3451,3453,2
T,3453,3454,1
C,3454,3455,1
G,3455,3456,1
A,3456,3458,2
T,3458,3460,2
A,3460,3461,1
T,3461,3465,4
A,3465,3466,1
C,3466,3468,2
T,3468,3469,1
A,3469,3470,1
T,3470,3471,1
A,3471,3474,3
T,3474,3475,1
A,3475,3477,2
T,3477,3478,1
C,3478,3479,1
A,3479,3482,3
T,3482,3484,2
C,3484,3485,1
G,3485,3486,1
A,3486,3488,2
T,3488,3492,4
A,3492,3494,2
T,3494,3496,2
A,3496,3497,1
C,3497,3498,1
A,3498,3499,1
G,3499,3500,1
C,3500,3501,1
T,3501,3502,1
A,3502,3503,1
C,3503,3504,1
T,3504,3505,1
G,3505,3506,1
A,3506,3507,1
T,3507,3508,1
G,3508,3509,1
T,3509,3511,2
A,3511,3512,1
T,3512,3514,2
C,3514,3515,1
A,3515,3516,1
T,3516,3518,2
C,3518,3519,1
A,3519,3520,1
T,3520,3521,1
G,3521,3522,1
A,3522,3524,2
C,3524,3525,1
T,3525,3526,1
A,3526,3527,1
T,3527,3529,2
C,3529,3531,2
T,3531,3533,2
C,3533,3534,1
T,3534,3537,3
A,3537,3538,1
G,3538,3540,2
T,3540,3541,1
A,3541,3542,1
T,3542,3544,2
A,3544,3546,2
G,3546,3547,1
A,3547,3548,1
T,3548,3550,2
G,3550,3551,1
A,3551,3552,1
T,3552,3553,1
G,3553,3554,1
C,3554,3555,1
T,3555,3556,1
A,3556,3558,2
T,3558,3559,1
C,3559,3561,2
A,3561,3562,1
G,3562,3564,2
T,3564,3565,1
C,3565,3566,1
G,3566,3567,1
T,3567,3568,1
C,3568,3569,1
T,3569,3570,1
A,3570,3573,3
T,3573,3574,1
C,3574,3575,1
A,3575,3577,2
G,3577,3579,2
T,3579,3580,1
A,3580,3582,2
T,3582,3585,3
A,3585,3586,1
T,3586,3589,3
A,3589,3590,1
T,3590,3592,2
A,3592,3594,2
T,3594,3595,1
C,3595,3596,1
G,3596,3597,1
A,3597,3598,1
C,3598,3600,2
A,3600,3601,1
G,3601,3603,2
A,3603,3605,2
T,3605,3613,8
G,3613,3615,2
T,3615,3616,1
C,3616,3617,1
A,3617,3619,2
T,3619,3620,1
G,3620,3621,1
T,3621,3623,2
C,3623,3624,1
T,3624,3625,1
G,3625,3626,1
A,3626,3629,3
T,3629,3632,3
G,3632,3633,1
T,3633,3634,1
G,3634,3636,2
A,3636,3637,1
G,3637,3638,1
C,3638,3639,1
T,3639,3640,1
A,3640,3642,2
T,3642,3643,1
C,3643,3644,1
A,3644,3645,1
T,3645,3646,1
A,3646,3647,1
G,3647,3648,1
T,3648,3652,4
A,3652,3653,1
T,3653,3654,1
A,3654,3655,1
C,3655,3657,2
T,3657,3658,1
A,3658,3659,1
T,3659,3661,2
G,3661,3662,1
T,3662,3663,1
A,3663,3665,2
T,3665,3667,2
G,3667,3668,1
A,3668,3671,3
G,3671,3672,1
A,3672,3674,2
T,3674,3676,2
C,3676,3677,1
A,3677,3678,1
T,3678,3679,1
A,3679,3680,1
T,3680,3682,2
A,3682,3687,5
T,3687,3691,4
A,3691,3692,1
T,3692,3694,2
A,3694,3696,2
T,3696,3698,2
G,3698,3699,1
A,3699,3701,2
T,3701,3703,2
A,3703,3705,2
T,3705,3706,1
A,3706,3708,2
T,3708,3710,2
A,3710,3711,1
T,3711,3713,2
G,3713,3714,1
T,3714,3716,2
C,3716,3717,1
A,3717,3718,1
T,3718,3720,2
A,3720,3721,1
G,3721,3722,1
A,3722,3723,1
T,3723,3724,1
G,3724,3725,1
A,3725,3726,1
C,3726,3727,1
T,3727,3728,1
G,3728,3729,1
A,3729,3732,3
G,3732,3733,1
C,3733,3734,1
A,3734,3736,2
G,3736,3737,1
T,3737,3738,1
A,3738,3739,1
T,3739,3741,2
G,3741,3743,2
T,3743,3744,1
C,3744,3745,1
T,3745,3746,1
C,3746,3747,1
T,3747,3749,2
A,3749,3752,3
C,3752,3754,2
A,3754,3755,1
C,3755,3756,1
T,3756,3758,2
C,3758,3759,1
A,3759,3760,1
T,3760,3761,1
A,3761,3762,1
G,3762,3763,1
T,3763,3764,1
A,3764,3767,3
T,3767,3769,2
A,3769,3770,1
G,3770,3771,1
C,3771,3772,1
A,3772,3773,1
T,3773,3776,3
A,3776,3777,1
C,3777,3778,1
T,3778,3780,2
C,3780,3781,1
T,3781,3782,1
A,3782,3784,2
T,3784,3785,1
G,3785,3786,1
A,3786,3789,3
G,3789,3790,1
A,3790,3792,2
T,3792,3794,2
A,3794,3795,1
G,3795,3796,1
T,3796,3798,2
A,3798,3803,5
T,3803,3804,1
A,3804,3805,1
T,3805,3806,1
A,3806,3808,2
C,3808,3809,1
A,3809,3810,1
T,3810,3811,1
A,3811,3814,3
T,3814,3815,1
A,3815,3816,1
T,3816,3817,1
G,3817,3818,1
T,3818,3819,1
C,3819,3820,1
A,3820,3823,3
T,3823,3826,3
A,3826,3827,1
T,3827,3828,1
A,3828,3829,1
T,3829,3831,2
A,3831,3832,1
T,3832,3834,2
A,3834,3835,1
C,3835,3836,1
T,3836,3837,1
A,3837,3839,2
T,3839,3840,1
G,3840,3841,1
T,3841,3842,1
A,3842,3844,2
T,3844,3845,1
A,3845,3846,1
T,3846,3848,2
C,3848,3849,1
T,3849,3853,4
A,3853,3854,1
T,3854,3856,2
C,3856,3858,2
T,3858,3859,1
C,3859,3860,1
A,3860,3863,3
T,3863,3864,1
A,3864,3866,2
T,3866,3867,1
A,3867,3868,1
C,3868,3870,2
T,3870,3871,1
A,3871,3872,1
T,3872,3874,2
A,3874,3876,2
T,3876,3878,2
G,3878,3879,1
A,3879,3881,2
T,3881,3888,7
C,3888,3889,1
T,3889,3901,12
A,3901,3902,1
T,3902,3904,2
A,3904,3905,1
T,3905,3906,1
A,3906,3908,2
T,3908,3913,5
A,3913,3914,1
T,3914,3915,1
C,3915,3916,1
T,3916,3918,2
A,3918,3919,1
T,3919,3922,3
A,3922,3924,2
T,3924,3925,1
A,3925,3926,1
T,3926,3928,2
C,3928,3929,1
T,3929,3931,2
A,3931,3933,2
T,3933,3935,2
A,3935,3936,1
T,3936,3940,4
A,3940,3941,1
T,3941,3946,5
A,3946,3948,2
T,3948,3951,3
A,3951,3954,3
T,3954,3955,1
A,3955,3957,2
T,3957,3958,1
A,3958,3963,5
T,3963,3964,1
A,3964,3965,1
T,3965,3966,1
C,3966,3967,1
A,3967,3969,2
T,3969,3970,1
A,3970,3972,2
T,3972,3973,1
A,3973,3977,4
T,3977,3979,2
A,3979,3981,2
T,3981,3982,1
A,3982,3990,8
T,3990,3991,1
A,3991,3992,1
T,3992,3994,2
A,3994,3999,5
T,3999,4000,1
A,4000,4002,2
T,4002,4003,1
C,4003,4004,1
T,4004,4006,2
A,4006,4008,2
T,4008,4010,2
G,4010,4011,1
A,4011,4015,4
T,4015,4016,1
G,4016,4017,1
A,4017,4018,1
T,4018,4019,1
A,4019,4021,2
C,4021,4022,1
T,4022,4023,1
A,4023,4025,2
T,4025,4028,3
A,4028,4029,1
T,4029,4033,4
C,4033,4034,1
T,4034,4035,1
A,4035,4036,1
T,4036,4041,5
G,4041,4042,1
A,4042,4043,1
T,4043,4044,1
C,4044,4046,2
T,4046,4048,2
C,4048,4049,1
T,4049,4050,1
A,4050,4051,1
C,4051,4052,1
T,4052,4053,1
A,4053,4055,2
T,4055,4056,1
A,4056,4057,1
T,4057,4063,6
A,4063,4064,1
T,4064,4067,3
A,4067,4068,1
C,4068,4069,1
A,4069,4071,2
T,4071,4073,2
A,4073,4076,3
T,4076,4078,2
G,4078,4079,1
A,4079,4081,2
T,4081,4083,2
A,4083,4084,1
G,4084,4085,1
T,4085,4086,1
A,4086,4087,1
C,4087,4088,1
T,4088,4092,4
A,4092,4093,1
T,4093,4095,2
G,4095,4097,2
A,4097,4098,1
T,4098,4103,5
A,4103,4104,1
T,4104,4107,3
A,4107,4108,1
T,4108,4109,1
C,4109,4112,3
T,4112,4114,2
A,4114,4115,1
T,4115,4117,2
C,4117,4118,1
T,4118,4123,5
G,4123,4124,1
A,4124,4126,2
T,4126,4128,2
A,4128,4129,1
T,4129,4130,1
C,4130,4133,3
T,4133,4134,1
A,4134,4136,2
T,4136,4137,1
C,4137,4138,1
G,4138,4139,1
T,4139,4140,1
C,4140,4141,1
A,4141,4143,2
T,4143,4146,3
A,4146,4147,1
T,4147,4149,2
C,4149,4150,1
T,4150,4151,1
A,4151,4152,1
T,4152,4153,1
G,4153,4154,1
A,4154,4157,3
T,4157,4161,4
A,4161,4162,1
T,4162,4163,1
C,4163,4164,1
T,4164,4166,2
A,4166,4169,3
T,4169,4170,1
A,4170,4173,3
T,4173,4175,2
A,4175,4176,1
C,4176,4177,1
A,4177,4178,1
T,4178,4179,1
A,4179,4181,2
T,4181,4182,1
G,4182,4183,1
A,4183,4185,2
T,4185,4188,3
A,4188,4192,4
T,4192,4194,2
C,4194,4195,1
T,4195,4199,4
A,4199,4200,1
G,4200,4202,2
A,4202,4208,6
T,4208,4209,1
A,4209,4210,1
G,4210,4211,1
T,4211,4215,4
A,4215,4217,2
T,4217,4218,1
G,4218,4220,2
A,4220,4221,1
T,4221,4222,1
C,4222,4223,1
T,4223,4224,1
A,4224,4225,1
C,4225,4226,1
T,4226,4229,3
A,4229,4231,2
T,4231,4236,5
A,4236,4237,1
T,4237,4240,3
C,4240,4241,1
T,4241,4244,3
A,4244,4245,1
T,4245,4249,4
C,4249,4250,1
T,4250,4254,4
A,4254,4255,1
T,4255,4257,2
A,4257,4258,1
T,4258,4259,1
A,4259,4260,1
T,4260,4263,3
A,4263,4265,2
T,4265,4266,1
A,4266,4268,2
T,4268,4274,6
A,4274,4275,1
G,4275,4277,2
A,4277,4278,1
C,4278,4279,1
T,4279,4284,5
C,4284,4286,2
T,4286,4288,2
A,4288,4289,1
T,4289,4290,1
A,4290,4291,1
T,4291,4296,5
A,4296,4297,1
C,4297,4298,1
T,4298,4299,1
A,4299,4300,1
G,4300,4301,1
A,4301,4303,2
C,4303,4304,1
T,4304,4305,1
A,4305,4306,1
G,4306,4307,1
T,4307,4308,1
C,4308,4309,1
A,4309,4310,1
T,4310,4313,3
A,4313,4315,2
C,4315,4316,1
T,4316,4317,1
A,4317,4318,1
T,4318,4321,3
C,4321,4322,1
T,4322,4325,3
A,4325,4326,1
T,4326,4327,1
C,4327,4328,1
T,4328,4329,1
A,4329,4330,1
T,4330,4333,3
C,4333,4334,1
T,4334,4337,3
A,4337,4339,2
C,4339,4340,1
T,4340,4343,3
A,4343,4344,1
T,4344,4345,1
G,4345,4346,1
A,4346,4347,1
T,4347,4349,2
A,4349,4351,2
G,4351,4352,1
A,4352,4353,1
T,4353,4356,3
A,4356,4357,1
T,4357,4358,1
A,4358,4360,2
T,4360,4363,3
A,4363,4364,1
T,4364,4365,1
G,4365,4367,2
A,4367,4368,1
T,4368,4369,1
G,4369,4370,1
A,4370,4372,2
T,4372,4374,2
A,4374,4376,2
T,4376,4377,1
A,4377,4379,2
T,4379,4383,4
C,4383,4384,1
A,4384,4386,2
C,4386,4387,1
A,4387,4388,1
T,4388,4389,1
A,4389,4390,1
T,4390,4391,1
A,4391,4392,1
T,4392,4395,3
A,4395,4396,1
T,4396,4398,2
C,4398,4399,1
A,4399,4400,1
T,4400,4403,3
A,4403,4405,2
T,4405,4406,1
C,4406,4411,5
A,4411,4413,2
G,4413,4415,2
T,4415,4416,1
A,4416,4417,1
C,4417,4418,1
A,4418,4419,1
C,4419,4421,2
A,4421,4423,2
G,4423,4424,1
A,4424,4426,2
T,4426,4430,4
A,4430,4432,2
T,4432,4433,1
A,4433,4434,1
C,4434,4436,2
T,4436,4440,4
A,4440,4441,1
T,4441,4442,1
A,4442,4443,1
G,4443,4444,1
T,4444,4445,1
A,4445,4447,2
T,4447,4448,1
A,4448,4450,2
T,4450,4452,2
G,4452,4453,1
A,4453,4456,3
C,4456,4457,1
T,4457,4458,1
A,4458,4459,1
T,4459,4461,2
A,4461,4462,1
G,4462,4463,1
A,4463,4466,3
T,4466,4467,1
A,4467,4468,1
T,4468,4470,2
A,4470,4471,1
T,4471,4473,2
C,4473,4474,1
G,4474,4475,1
T,4475,4476,1
C,4476,4478,2
A,4478,4479,1
G,4479,4481,2
T,4481,4482,1
A,4482,4483,1
C,4483,4484,1
T,4484,4487,3
A,4487,4488,1
G,4488,4489,1
C,4489,4491,2
A,4491,4492,1
T,4492,4494,2
C,4494,4495,1
G,4495,4496,1
T,4496,4499,3
A,4499,4501,2
T,4501,4502,1
A,4502,4503,1
G,4503,4504,1
C,4504,4505,1
T,4505,4506,1
A,4506,4508,2
T,4508,4509,1
A,4509,4510,1
T,4510,4511,1
A,4511,4513,2
T,4513,4515,2
G,4515,4516,1
C,4516,4517,1
A,4517,4518,1
G,4518,4520,2
A,4520,4521,1
C,4521,4522,1
A,4522,4523,1
T,4523,4526,3
A,4526,4527,1
T,4527,4529,2
A,4529,4530,1
T,4530,4532,2
A,4532,4534,2
C,4534,4535,1
T,4535,4538,3
A,4538,4539,1
T,4539,4541,2
A,4541,4543,2
G,4543,4544,1
T,4544,4545,1
A,4545,4547,2
T,4547,4548,1
A,4548,4549,1
C,4549,4550,1
T,4550,4551,1
G,4551,4553,2
A,4553,4555,2
T,4555,4557,2
A,4557,4559,2
T,4559,4560,1
A,4560,4561,1
T,4561,4562,1
A,4562,4563,1
C,4563,4565,2
T,4565,4566,1
A,4566,4567,1
T,4567,4570,3
A,4570,4571,1
T,4571,4575,4
A,4575,4576,1
T,4576,4578,2
A,4578,4579,1
T,4579,4580,1
A,4580,4581,1
T,4581,4586,5
A,4586,4588,2
T,4588,4590,2
A,4590,4591,1
T,4591,4592,1
A,4592,4594,2
T,4594,4596,2
C,4596,4597,1
A,4597,4600,3
T,4600,4604,4
A,4604,4605,1
C,4605,4606,1
T,4606,4610,4
A,4610,4612,2
C,4612,4613,1
A,4613,4614,1
T,4614,4616,2
A,4616,4617,1
G,4617,4618,1
A,4618,4620,2
T,4620,4621,1
C,4621,4622,1
A,4622,4623,1
G,4623,4624,1
C,4624,4625,1
A,4625,4627,2
T,4627,4629,2
G,4629,4630,1
C,4630,4631,1
A,4631,4633,2
T,4633,4635,2
A,4635,4636,1
T,4636,4638,2
C,4638,4639,1
A,4639,4641,2
T,4641,4642,1
C,4642,4643,1
T,4643,4645,2
A,4645,4646,1
T,4646,4647,1
G,4647,4648,1
T,4648,4649,1
A,4649,4651,2
T,4651,4654,3
C,4654,4655,1
A,4655,4656,1
G,4656,4657,1
T,4657,4661,4
A,4661,4663,2
G,4663,4664,1
A,4664,4666,2
C,4666,4667,1
T,4667,4670,3
A,4670,4671,1
T,4671,4672,1
A,4672,4673,1
T,4673,4675,2
C,4675,4676,1
T,4676,4677,1
A,4677,4678,1
G,4678,4679,1
A,4679,4680,1
G,4680,4681,1
A,4681,4683,2
G,4683,4684,1
T,4684,4685,1
A,4685,4688,3
C,4688,4689,1
T,4689,4690,1
A,4690,4692,2
T,4692,4693,1
G,4693,4694,1
T,4694,4695,1
C,4695,4696,1
T,4696,4697,1
A,4697,4698,1
T,4698,4699,1
A,4699,4702,3
T,4702,4703,1
A,4703,4705,2
T,4705,4706,1
C,4706,4707,1
A,4707,4708,1
T,4708,4709,1
C,4709,4711,2
T,4711,4714,3
C,4714,4716,2
A,4716,4717,1
T,4717,4720,3
A,4720,4721,1
G,4721,4722,1
T,4722,4723,1
A,4723,4724,1
G,4724,4725,1
A,4725,4726,1
T,4726,4730,4
A,4730,4731,1
G,4731,4732,1
T,4732,4733,1
C,4733,4735,2
T,4735,4737,2
G,4737,4738,1
A,4738,4739,1
C,4739,4741,2
T,4741,4744,3
A,4744,4746,2
C,4746,4747,1
A,4747,4748,1
G,4748,4750,2
A,4750,4751,1
T,4751,4752,1
C,4752,4753,1
A,4753,4755,2
T,4755,4757,2
G,4757,4759,2
A,4759,4760,1
G,4760,4761,1
T,4761,4763,2
A,4763,4764,1
T,4764,4765,1
A,4765,4767,2
C,4767,4768,1
T,4768,4772,4
A,4772,4773,1
T,4773,4774,1
A,4774,4776,2
T,4776,4777,1
A,4777,4778,1
G,4778,4780,2
T,4780,4781,1
A,4781,4782,1
T,4782,4783,1
A,4783,4785,2
T,4785,4787,2
A,4787,4790,3
T,4790,4791,1
G,4791,4792,1
A,4792,4793,1
T,4793,4796,3
A,4796,4798,2
T,4798,4799,1
A,4799,4801,2
T,4801,4805,4
A,4805,4807,2
T,4807,4808,1
A,4808,4809,1
T,4809,4810,1
A,4810,4813,3
T,4813,4816,3
A,4816,4818,2
T,4818,4819,1
A,4819,4821,2
T,4821,4822,1
A,4822,4823,1
C,4823,4824,1
T,4824,4825,1
A,4825,4826,1
G,4826,4829,3
T,4829,4830,1
A,4830,4831,1
T,4831,4834,3
A,4834,4836,2
T,4836,4838,2
A,4838,4839,1
T,4839,4843,4
A,4843,4844,1
T,4844,4846,2
A,4846,4848,2
C,4848,4849,1
T,4849,4850,1
A,4850,4851,1
T,4851,4852,1
A,4852,4853,1
T,4853,4854,1
A,4854,4855,1
T,4855,4856,1
C,4856,4857,1
A,4857,4859,2
T,4859,4860,1
G,4860,4861,1
A,4861,4862,1
T,4862,4863,1
G,4863,4864,1
A,4864,4865,1
C,4865,4866,1
G,4866,4867,1
T,4867,4868,1
G,4868,4869,1
A,4869,4870,1
C,4870,4871,1
A,4871,4872,1
T,4872,4875,3
G,4875,4876,1
T,4876,4877,1
C,4877,4878,1
G,4878,4879,1
T,4879,4880,1
G,4880,4881,1
A,4881,4883,2
G,4883,4885,2
A,4885,4887,2
C,4887,4888,1
T,4888,4891,3
C,4891,4893,2
A,4893,4895,2
G,4895,4897,2
T,4897,4898,1
A,4898,4901,3
C,4901,4902,1
A,4902,4903,1
T,4903,4904,1
A,4904,4905,1
C,4905,4906,1
T,4906,4907,1
C,4907,4908,1
T,4908,4912,4
A,4912,4913,1
G,4913,4914,1
T,4914,4915,1
C,4915,4916,1
T,4916,4917,1
C,4917,4918,1
A,4918,4922,4
G,4922,4924,2
T,4924,4927,3
A,4927,4928,1
C,4928,4929,1
G,4929,4930,1
A,4930,4931,1
T,4931,4932,1
G,4932,4933,1
A,4933,4934,1
G,4934,4936,2
A,4936,4938,2
T,4938,4939,1
A,4939,4941,2
T,4941,4945,4
A,4945,4946,1
T,4946,4949,3
A,4949,4950,1
T,4950,4952,2
A,4952,4953,1
T,4953,4956,3
C,4956,4957,1
A,4957,4958,1
G,4958,4959,1
A,4959,4961,2
G,4961,4962,1
T,4962,4963,1
A,4963,4964,1
T,4964,4969,5
C,4969,4970,1
T,4970,4973,3
A,4973,4974,1
T,4974,4977,3
C,4977,4978,1
T,4978,4981,3
C,4981,4982,1
T,4982,4986,4
G,4986,4987,1
A,4987,4988,1
G,4988,4989,1
C,4989,4990,1
T,4990,4997,7
C,4997,4998,1
A,4998,4999,1
C,4999,5000,1
A,5000,5001,1
G,5001,5002,1
A,5002,5004,2
G,5004,5005,1
T,5005,5006,1
C,5006,5007,1
T,5007,5010,3
C,5010,5011,1
T,5011,5012,1
C,5012,5014,2
T,5014,5015,1
A,5015,5017,2
T,5017,5018,1
A,5018,5019,1
T,5019,5021,2
G,5021,5022,1
A,5022,5025,3
T,5025,5027,2
G,5027,5029,2
A,5029,5030,1
G,5030,5031,1
C,5031,5032,1
T,5032,5037,5
G,5037,5038,1
A,5038,5039,1
C,5039,5041,2
A,5041,5042,1
C,5042,5044,2
T,5044,5046,2
C,5046,5047,1
A,5047,5050,3
T,5050,5051,1
A,5051,5052,1
T,5052,5054,2
A,5054,5055,1
C,5055,5056,1
T,5056,5057,1
C,5057,5059,2
T,5059,5063,4
A,5063,5065,2
T,5065,5066,1
C,5066,5068,2
T,5068,5071,3
C,5071,5073,2
A,5073,5076,3
T,5076,5078,2
C,5078,5080,2
T,5080,5083,3
A,5083,5084,1
T,5084,5086,2
A,5086,5089,3
T,5089,5090,1
A,5090,5091,1
C,5091,5092,1
T,5092,5093,1
A,5093,5094,1
T,5094,5096,2
A,5096,5097,1
T,5097,5101,4
A,5101,5103,2
T,5103,5106,3
C,5106,5107,1
A,5107,5108,1
T,5108,5109,1
C,5109,5110,1
A,5110,5111,1
G,5111,5113,2
A,5113,5115,2
T,5115,5117,2
A,5117,5118,1
C,5118,5119,1
T,5119,5120,1
A,5120,5121,1
T,5121,5123,2
A,5123,5124,1
C,5124,5125,1
A,5125,5126,1
T,5126,5127,1
G,5127,5128,1
A,5128,5129,1
G,5129,5130,1
C,5130,5133,3
A,5133,5134,1
T,5134,5135,1
C,5135,5136,1
A,5136,5137,1
T,5137,5138,1
G,5138,5139,1
C,5139,5140,1
T,5140,5141,1
A,5141,5142,1
T,5142,5144,2
A,5144,5145,1
T,5145,5146,1
A,5146,5147,1
G,5147,5148,1
A,5148,5152,4
T,5152,5153,1
A,5153,5155,2
T,5155,5160,5
C,5160,5161,1
T,5161,5162,1
C,5162,5163,1
A,5163,5166,3
T,5166,5167,1
A,5167,5169,2
C,5169,5170,1
T,5170,5171,1
C,5171,5172,1
A,5172,5174,2
G,5174,5176,2
T,5176,5179,3
A,5179,5180,1
T,5180,5185,5
A,5185,5187,2
C,5187,5188,1
T,5188,5189,1
A,5189,5190,1
T,5190,5192,2
A,5192,5193,1
T,5193,5197,4
A,5197,5198,1
G,5198,5200,2
A,5200,5202,2
T,5202,5205,3
A,5205,5206,1
T,5206,5211,5
C,5211,5212,1
T,5212,5213,1
A,5213,5214,1
T,5214,5216,2
C,5216,5217,1
T,5217,5219,2
C,5219,5220,1
A,5220,5223,3
G,5223,5224,1
T,5224,5226,2
A,5226,5227,1
T,5227,5228,1
G,5228,5229,1
A,5229,5231,2
T,5231,5232,1
A,5232,5233,1
T,5233,5237,4
G,5237,5238,1
A,5238,5240,2
G,5240,5241,1
C,5241,5242,1
T,5242,5243,1
C,5243,5246,3
T,5246,5249,3
A,5249,5250,1
C,5250,5251,1
T,5251,5252,1
A,5252,5253,1
T,5253,5255,2
G,5255,5256,1
C,5256,5257,1
A,5257,5258,1
G,5258,5259,1
A,5259,5260,1
T,5260,5261,1
A,5261,5262,1
G,5262,5263,1
A,5263,5265,2
T,5265,5268,3
A,5268,5269,1
T,5269,5270,1
G,5270,5272,2
A,5272,5273,1
T,5273,5274,1
C,5274,5275,1
A,5275,5277,2
T,5277,5285,8
A,5285,5286,1
T,5286,5287,1
C,5287,5288,1
G,5288,5289,1
C,5289,5290,1
T,5290,5291,1
A,5291,5292,1
C,5292,5293,1
A,5293,5294,1
G,5294,5296,2
A,5296,5297,1
T,5297,5300,3
C,5300,5301,1
A,5301,5302,1
T,5302,5303,1
G,5303,5305,2
T,5305,5306,1
C,5306,5307,1
T,5307,5309,2
C,5309,5310,1
A,5310,5311,1
T,5311,5312,1
G,5312,5313,1
T,5313,5314,1
A,5314,5316,2
T,5316,5318,2
A,5318,5319,1
T,5319,5321,2
G,5321,5323,2
A,5323,5325,2
C,5325,5326,1
A,5326,5328,2
T,5328,5333,5
C,5333,5334,1
T,5334,5337,3
C,5337,5338,1
T,5338,5339,1
A,5339,5340,1
T,5340,5343,3
G,5343,5344,1
T,5344,5347,3
A,5347,5348,1
T,5348,5350,2
C,5350,5352,2
G,5352,5353,1
T,5353,5354,1
C,5354,5355,1
A,5355,5356,1
T,5356,5359,3
A,5359,5362,3
T,5362,5363,1
A,5363,5365,2
T,5365,5366,1
C,5366,5367,1
A,5367,5368,1
T,5368,5371,3
C,5371,5372,1
T,5372,5373,1
C,5373,5374,1
T,5374,5375,1
A,5375,5376,1
T,5376,5378,2
A,5378,5380,2
T,5380,5381,1
C,5381,5382,1
A,5382,5383,1
C,5383,5385,2
A,5385,5386,1
T,5386,5390,4
G,5390,5392,2
A,5392,5393,1
T,5393,5396,3
G,5396,5397,1
A,5397,5399,2
G,5399,5400,1
C,5400,5401,1
A,5401,5402,1
G,5402,5403,1
C,5403,5404,1
A,5404,5405,1
G,5405,5406,1
C,5406,5407,1
A,5407,5408,1
T,5408,5409,1
G,5409,5410,1
A,5410,5411,1
T,5411,5412,1
A,5412,5413,1
T,5413,5415,2
G,5415,5416,1
A,5416,5417,1
C,5417,5418,1
A,5418,5419,1
T,5419,5422,3
C,5422,5423,1
G,5423,5424,1
T,5424,5426,2
G,5426,5427,1
A,5427,5428,1
T,5428,5429,1
G,5429,5430,1
T,5430,5431,1
A,5431,5432,1
G,5432,5433,1
T,5433,5436,3
G,5436,5437,1
A,5437,5438,1
T,5438,5440,2
A,5440,5441,1
T,5441,5443,2
C,5443,5445,2
T,5445,5448,3
A,5448,5449,1
T,5449,5450,1
A,5450,5451,1
T,5451,5454,3
C,5454,5455,1
A,5455,5457,2
T,5457,5460,3
A,5460,5461,1
T,5461,5463,2
G,5463,5464,1
A,5464,5465,1
T,5465,5466,1
G,5466,5467,1
A,5467,5468,1
G,5468,5470,2
A,5470,5473,3
T,5473,5475,2
A,5475,5477,2
T,5477,5480,3
A,5480,5481,1
T,5481,5484,3
A,5484,5485,1
T,5485,5486,1
A,5486,5487,1
T,5487,5488,1
A,5488,5490,2
T,5490,5491,1
A,5491,5492,1
T,5492,5493,1
A,5493,5494,1
T,5494,5497,3
A,5497,5498,1
G,5498,5499,1
T,5499,5500,1
A,5500,5501,1
T,5501,5502,1
A,5502,5503,1
T,5503,5506,3
G,5506,5507,1
A,5507,5508,1
C,5508,5509,1
T,5509,5511,2
C,5511,5513,2
A,5513,5515,2
T,5515,5516,1
C,5516,5517,1
A,5517,5522,5
G,5522,5523,1
T,5523,5526,3
A,5526,5529,3
T,5529,5531,2
A,5531,5533,2
T,5533,5536,3
A,5536,5538,2
T,5538,5539,1
A,5539,5540,1
T,5540,5541,1
A,5541,5544,3
T,5544,5545,1
A,5545,5547,2
T,5547,5548,1
A,5548,5551,3
T,5551,5552,1
C,5552,5553,1
T,5553,5554,1
A,5554,5555,1
T,5555,5557,2
A,5557,5558,1
T,5558,5560,2
A,5560,5562,2
T,5562,5563,1
A,5563,5565,2
T,5565,5566,1
A,5566,5567,1
T,5567,5568,1
C,5568,5569,1
T,5569,5575,6
A,5575,5577,2
T,5577,5579,2
A,5579,5580,1
T,5580,5585,5
A,5585,5586,1
T,5586,5589,3
C,5589,5590,1
T,5590,5591,1
A,5591,5593,2
T,5593,5594,1
G,5594,5595,1
T,5595,5596,1
A,5596,5598,2
T,5598,5599,1
A,5599,5601,2
T,5601,5602,1
A,5602,5603,1
T,5603,5608,5
A,5608,5609,1
T,5609,5610,1
C,5610,5611,1
A,5611,5612,1
T,5612,5614,2
A,5614,5616,2
T,5616,5620,4
A,5620,5621,1
T,5621,5622,1
C,5622,5623,1
A,5623,5630,7
T,5630,5631,1
C,5631,5632,1
A,5632,5633,1
T,5633,5636,3
A,5636,5637,1
T,5637,5638,1
A,5638,5639,1
G,5639,5640,1
A,5640,5641,1
T,5641,5642,1
C,5642,5643,1
G,5643,5644,1
A,5644,5645,1
G,5645,5646,1
A,5646,5653,7
T,5653,5655,2
C,5655,5660,5
T,5660,5663,3
G,5663,5664,1
A,5664,5666,2
T,5666,5667,1
G,5667,5668,1
T,5668,5669,1
G,5669,5671,2
A,5671,5672,1
T,5672,5675,3
G,5675,5676,1
A,5676,5677,1
T,5677,5678,1
C,5678,5680,2
T,5680,5681,1
C,5681,5682,1
T,5682,5683,1
A,5683,5685,2
C,5685,5686,1
T,5686,5688,2
C,5688,5689,1
T,5689,5690,1
G,5690,5691,1
C,5691,5692,1
T,5692,5693,1
C,5693,5694,1
G,5694,5695,1
A,5695,5697,2
T,5697,5699,2
C,5699,5701,2
T,5701,5706,5
C,5706,5707,1
T,5707,5710,3
A,5710,5711,1
C,5711,5712,1
A,5712,5713,1
T,5713,5722,9
A,5722,5724,2
T,5724,5726,2
A,5726,5727,1
C,5727,5728,1
A,5728,5729,1
G,5729,5730,1
T,5730,5732,2
A,5732,5733,1
T,5733,5734,1
C,5734,5735,1
T,5735,5740,5
A,5740,5742,2
T,5742,5747,5
G,5747,5748,1
A,5748,5749,1
T,5749,5750,1
A,5750,5751,1
T,5751,5753,2
G,5753,5754,1
A,5754,5757,3
T,5757,5759,2
G,5759,5760,1
C,5760,5761,1
A,5761,5762,1
T,5762,5764,2
A,5764,5766,2
T,5766,5770,4
C,5770,5773,3
A,5773,5774,1
T,5774,5776,2
A,5776,5778,2
T,5778,5781,3
A,5781,5782,1
T,5782,5784,2
C,5784,5785,1
T,5785,5790,5
A,5790,5791,1
T,5791,5794,3
A,5794,5795,1
G,5795,5796,1
T,5796,5797,1
A,5797,5800,3
T,5800,5806,6
A,5806,5808,2
C,5808,5809,1
A,5809,5811,2
T,5811,5812,1
A,5812,5814,2
C,5814,5815,1
A,5815,5820,5
T,5820,5822,2
A,5822,5823,1
G,5823,5824,1
A,5824,5825,1
T,5825,5836,11
A,5836,5838,2
T,5838,5840,2
A,5840,5841,1
T,5841,5845,4
A,5845,5846,1
T,5846,5848,2
A,5848,5850,2
T,5850,5852,2
G,5852,5854,2
C,5854,5855,1
T,5855,5857,2
A,5857,5858,1
T,5858,5859,1
A,5859,5860,1
C,5860,5862,2
A,5862,5863,1
C,5863,5864,1
G,5864,5865,1
A,5865,5867,2
T,5867,5868,1
G,5868,5869,1
A,5869,5872,3
T,5872,5873,1
C,5873,5874,1
A,5874,5878,4
T,5878,5879,1
A,5879,5880,1
T,5880,5881,1
A,5881,5882,1
C,5882,5883,1
T,5883,5885,2
A,5885,5887,2
T,5887,5889,2
G,5889,5890,1
A,5890,5892,2
C,5892,5893,1
A,5893,5896,3
T,5896,5898,2
A,5898,5899,1
G,5899,5901,2
A,5901,5902,1
T,5902,5904,2
A,5904,5905,1
T,5905,5906,1
A,5906,5907,1
G,5907,5908,1
T,5908,5911,3
A,5911,5912,1
T,5912,5915,3
A,5915,5919,4
C,5919,5920,1
A,5920,5921,1
T,5921,5924,3
G,5924,5925,1
A,5925,5926,1
T,5926,5929,3
G,5929,5930,1
C,5930,5931,1
A,5931,5932,1
T,5932,5934,2
C,5934,5935,1
A,5935,5941,6
T,5941,5942,1
A,5942,5943,1
T,5943,5945,2
A,5945,5947,2
T,5947,5952,5
A,5952,5954,2
T,5954,5957,3
A,5957,5958,1
T,5958,5959,1
C,5959,5960,1
T,5960,5962,2
A,5962,5965,3
T,5965,5966,1
A,5966,5968,2
G,5968,5969,1
A,5969,5971,2
G,5971,5972,1
C,5972,5973,1
A,5973,5975,2
T,5975,5979,4
G,5979,5980,1
C,5980,5981,1
A,5981,5982,1
T,5982,5985,3
A,5985,5987,2
T,5987,5990,3
C,5990,5991,1
G,5991,5992,1
A,5992,5993,1
C,5993,5994,1
T,5994,5996,2
A,5996,6000,4
G,6000,6001,1
A,6001,6002,1
T,6002,6003,1
A,6003,6004,1
G,6004,6005,1
A,6005,6006,1
G,6006,6007,1
T,6007,6008,1
A,6008,6013,5
C,6013,6014,1
T,6014,6015,1
C,6015,6017,2
T,6017,6019,2
A,6019,6020,1
T,6020,6023,3
A,6023,6024,1
T,6024,6026,2
A,6026,6028,2
T,6028,6030,2
G,6030,6031,1
A,6031,6034,3
C,6034,6036,2
A,6036,6041,5
G,6041,6042,1
A,6042,6043,1
G,6043,6045,2
T,6045,6046,1
A,6046,6047,1
T,6047,6048,1
A,6048,6049,1
T,6049,6050,1
C,6050,6051,1
A,6051,6052,1
C,6052,6053,1
T,6053,6054,1
G,6054,6055,1
T,6055,6057,2
A,6057,6059,2
T,6059,6060,1
G,6060,6061,1
A,6061,6062,1
T,6062,6063,1
A,6063,6068,5
T,6068,6069,1
G,6069,6070,1
A,6070,6072,2
T,6072,6073,1
A,6073,6078,5
T,6078,6080,2
C,6080,6082,2
A,6082,6084,2
T,6084,6086,2
A,6086,6088,2
G,6088,6089,1
A,6089,6092,3
T,6092,6093,1
A,6093,6094,1
T,6094,6095,1
A,6095,6100,5
T,6100,6102,2
A,6102,6104,2
G,6104,6105,1
C,6105,6106,1
T,6106,6107,1
G,6107,6108,1
C,6108,6109,1
T,6109,6110,1
A,6110,6112,2
C,6112,6113,1
T,6113,6115,2
A,6115,6117,2
T,6117,6118,1
G,6118,6119,1
T,6119,6120,1
A,6120,6121,1
T,6121,6122,1
A,6122,6123,1
G,6123,6124,1
T,6124,6125,1
G,6125,6126,1
A,6126,6128,2
T,6128,6129,1
G,6129,6131,2
T,6131,6132,1
A,6132,6133,1
T,6133,6135,2
C,6135,6136,1
A,6136,6137,1
T,6137,6139,2
A,6139,6141,2
T,6141,6142,1
A,6142,6143,1
T,6143,6146,3
C,6146,6147,1
T,6147,6148,1
A,6148,6150,2
T,6150,6151,1
A,6151,6152,1
T,6152,6153,1
A,6153,6154,1
T,6154,6155,1
A,6155,6156,1
T,6156,6157,1
A,6157,6158,1
T,6158,6159,1
A,6159,6160,1
T,6160,6161,1
A,6161,6162,1
T,6162,6163,1
A,6163,6164,1
T,6164,6165,1
A,6165,6166,1
T,6166,6167,1
A,6167,6168,1
T,6168,6169,1
A,6169,6170,1
T,6170,6171,1
A,6171,6172,1
T,6172,6173,1
A,6173,6174,1
T,6174,6175,1
A,6175,6176,1
T,6176,6177,1
A,6177,6178,1
T,6178,6181,3
A,6181,6182,1
T,6182,6183,1
A,6183,6184,1
T,6184,6185,1
A,6185,6186,1
G,6186,6187,1
T,6187,6190,3
A,6190,6197,7
C,6197,6198,1
A,6198,6199,1
T,6199,6201,2
A,6201,6202,1
C,6202,6203,1
A,6203,6204,1
C,6204,6205,1
T,6205,6208,3
C,6208,6209,1
A,6209,6210,1
T,6210,6212,2
G,6212,6213,1
T,6213,6214,1
A,6214,6219,5
T,6219,6220,1
A,6220,6224,4
T,6224,6225,1
A,6225,6226,1
T,6226,6227,1
A,6227,6228,1
T,6228,6229,1
A,6229,6230,1
T,6230,6231,1
A,6231,6232,1
T,6232,6233,1
A,6233,6234,1
T,6234,6239,5
A,6239,6240,1
T,6240,6241,1
A,6241,6244,3
T,6244,6247,3
A,6247,6248,1
T,6248,6250,2
A,6250,6251,1
T,6251,6253,2
A,6253,6254,1
T,6254,6256,2
A,6256,6257,1
T,6257,6259,2
A,6259,6260,1
T,6260,6262,2
A,6262,6263,1
T,6263,6265,2
A,6265,6266,1
T,6266,6269,3
A,6269,6274,5
T,6274,6279,5
A,6279,6282,3
T,6282,6285,3
C,6285,6287,2
T,6287,6289,2
A,6289,6291,2
T,6291,6292,1
A,6292,6293,1
T,6293,6294,1
C,6294,6295,1
T,6295,6297,2
C,6297,6298,1
A,6298,6300,2
T,6300,6301,1
A,6301,6302,1
T,6302,6304,2
A,6304,6305,1
T,6305,6306,1
A,6306,6307,1
C,6307,6308,1
T,6308,6309,1
C,6309,6310,1
T,6310,6311,1
A,6311,6313,2
T,6313,6315,2
A,6315,6316,1
T,6316,6317,1
A,6317,6319,2
G,6319,6320,1
C,6320,6321,1
T,6321,6322,1
A,6322,6323,1
T,6323,6326,3
A,6326,6329,3
T,6329,6334,5
A,6334,6337,3
T,6337,6339,2
A,6339,6341,2
T,6341,6342,1
A,6342,6343,1
T,6343,6345,2
A,6345,6346,1
T,6346,6347,1
A,6347,6348,1
T,6348,6349,1
A,6349,6352,3
T,6352,6354,2
A,6354,6356,2
T,6356,6357,1
A,6357,6359,2
T,6359,6360,1
A,6360,6361,1
T,6361,6363,2
C,6363,6364,1
A,6364,6365,1
T,6365,6366,1
A,6366,6370,4
T,6370,6371,1
A,6371,6374,3
T,6374,6375,1
C,6375,6376,1
T,6376,6377,1
A,6377,6380,3
T,6380,6381,1
A,6381,6384,3
T,6384,6385,1
A,6385,6388,3
T,6388,6392,4
A,6392,6393,1
T,6393,6394,1
A,6394,6396,2
T,6396,6398,2
A,6398,6399,1
T,6399,6401,2
A,6401,6402,1
T,6402,6403,1
A,6403,6404,1
T,6404,6406,2
G,6406,6407,1
A,6407,6414,7
T,6414,6416,2
A,6416,6417,1
T,6417,6418,1
A,6418,6424,6
T,6424,6425,1
A,6425,6426,1
G,6426,6427,1
A,6427,6429,2
T,6429,6430,1
A,6430,6431,1
T,6431,6438,7
A,6438,6439,1
T,6439,6440,1
A,6440,6442,2
T,6442,6443,1
A,6443,6444,1
T,6444,6445,1
A,6445,6447,2
T,6447,6448,1
A,6448,6449,1
T,6449,6450,1
A,6450,6451,1
T,6451,6452,1
A,6452,6453,1
C,6453,6455,2
A,6455,6456,1
T,6456,6457,1
A,6457,6459,2
C,6459,6461,2
T,6461,6462,1
C,6462,6463,1
T,6463,6464,1
A,6464,6465,1
T,6465,6466,1
A,6466,6467,1
T,6467,6468,1
A,6468,6470,2
T,6470,6472,2
C,6472,6473,1
T,6473,6474,1
C,6474,6475,1
T,6475,6477,2
C,6477,6478,1
A,6478,6479,1
C,6479,6482,3
T,6482,6483,1
A,6483,6486,3
T,6486,6487,1
C,6487,6488,1
A,6488,6490,2
T,6490,6491,1
A,6491,6492,1
T,6492,6497,5
A,6497,6498,1
G,6498,6499,1
T,6499,6500,1
A,6500,6502,2
T,6502,6503,1
A,6503,6504,1
T,6504,6508,4
G,6508,6509,1
A,6509,6510,1
C,6510,6512,2
T,6512,6513,1
A,6513,6516,3
T,6516,6519,3
A,6519,6525,6
T,6525,6526,1
A,6526,6528,2
T,6528,6529,1
A,6529,6531,2
T,6531,6533,2
C,6533,6534,1
A,6534,6536,2
T,6536,6537,1
C,6537,6539,2
A,6539,6540,1
T,6540,6541,1
A,6541,6543,2
G,6543,6544,1
T,6544,6546,2
G,6546,6547,1
A,6547,6548,1
T,6548,6549,1
A,6549,6552,3
T,6552,6554,2
A,6554,6555,1
G,6555,6557,2
T,6557,6558,1
A,6558,6559,1
T,6559,6560,1
A,6560,6563,3
T,6563,6564,1
C,6564,6565,1
A,6565,6566,1
T,6566,6567,1
A,6567,6568,1
T,6568,6570,2
A,6570,6573,3
C,6573,6574,1
A,6574,6575,1
T,6575,6576,1
A,6576,6582,6
T,6582,6585,3
C,6585,6586,1
T,6586,6588,2
A,6588,6591,3
T,6591,6593,2
A,6593,6594,1
T,6594,6595,1
A,6595,6597,2
G,6597,6598,1
T,6598,6600,2
A,6600,6601,1
T,6601,6603,2
A,6603,6608,5
T,6608,6611,3
A,6611,6612,1
T,6612,6614,2
A,6614,6616,2
T,6616,6618,2
G,6618,6619,1
A,6619,6621,2
T,6621,6622,1
A,6622,6625,3
T,6625,6628,3
C,6628,6629,1
T,6629,6630,1
A,6630,6631,1
T,6631,6636,5
C,6636,6637,1
T,6637,6639,2
A,6639,6643,4
T,6643,6644,1
A,6644,6647,3
T,6647,6648,1
C,6648,6650,2
T,6650,6651,1
A,6651,6659,8
T,6659,6660,1
C,6660,6662,2
T,6662,6663,1
A,6663,6664,1
T,6664,6665,1
A,6665,6668,3
T,6668,6669,1
C,6669,6670,1
T,6670,6671,1
A,6671,6673,2
C,6673,6674,1
A,6674,6675,1
T,6675,6676,1
A,6676,6679,3
T,6679,6681,2
A,6681,6682,1
C,6682,6683,1
T,6683,6684,1
A,6684,6685,1
T,6685,6687,2
A,6687,6688,1
T,6688,6693,5
A,6693,6696,3
T,6696,6697,1
G,6697,6698,1
A,6698,6702,4
G,6702,6703,1
T,6703,6705,2
A,6705,6712,7
T,6712,6714,2
A,6714,6715,1
T,6715,6716,1
A,6716,6717,1
T,6717,6718,1
A,6718,6719,1
T,6719,6720,1
G,6720,6722,2
A,6722,6723,1
T,6723,6724,1
A,6724,6725,1
T,6725,6728,3
A,6728,6733,5
T,6733,6735,2
A,6735,6736,1
T,6736,6738,2
C,6738,6739,1
A,6739,6741,2
C,6741,6742,1
T,6742,6744,2
A,6744,6747,3
G,6747,6748,1
A,6748,6749,1
T,6749,6750,1
C,6750,6751,1
T,6751,6753,2
C,6753,6755,2
T,6755,6756,1
A,6756,6757,1
C,6757,6758,1
A,6758,6760,2
T,6760,6762,2
A,6762,6764,2
T,6764,6765,1
C,6765,6766,1
T,6766,6768,2
A,6768,6769,1
T,6769,6770,1
A,6770,6773,3
T,6773,6774,1
A,6774,6776,2
T,6776,6777,1
A,6777,6779,2
T,6779,6780,1
A,6780,6781,1
T,6781,6782,1
A,6782,6785,3
T,6785,6786,1
A,6786,6787,1
T,6787,6788,1
A,6788,6789,1
C,6789,6790,1
T,6790,6795,5
A,6795,6797,2
T,6797,6798,1
A,6798,6799,1
T,6799,6800,1
A,6800,6802,2
T,6802,6803,1
A,6803,6804,1
T,6804,6805,1
A,6805,6807,2
T,6807,6808,1
C,6808,6809,1
T,6809,6811,2
C,6811,6812,1
A,6812,6813,1
T,6813,6814,1
C,6814,6815,1
A,6815,6816,1
T,6816,6817,1
A,6817,6818,1
T,6818,6819,1
A,6819,6822,3
T,6822,6824,2
A,6824,6827,3
T,6827,6828,1
A,6828,6829,1
C,6829,6830,1
T,6830,6831,1
A,6831,6832,1
C,6832,6833,1
T,6833,6834,1
A,6834,6835,1
T,6835,6837,2
A,6837,6840,3
T,6840,6842,2
A,6842,6846,4
T,6846,6847,1
C,6847,6848,1
A,6848,6849,1
T,6849,6851,2
A,6851,6853,2
T,6853,6855,2
A,6855,6856,1
T,6856,6858,2
A,6858,6861,3
T,6861,6862,1
A,6862,6866,4
T,6866,6867,1
A,6867,6869,2
T,6869,6870,1
A,6870,6873,3
C,6873,6874,1
G,6874,6875,1
A,6875,6877,2
T,6877,6879,2
G,6879,6880,1
T,6880,6881,1
A,6881,6882,1
T,6882,6883,1
A,6883,6889,6
C,6889,6890,1
T,6890,6891,1
G,6891,6892,1
T,6892,6893,1
C,6893,6894,1
A,6894,6897,3
C,6897,6899,2
A,6899,6900,1
G,6900,6901,1
T,6901,6902,1
A,6902,6903,1
G,6903,6904,1
A,6904,6907,3
T,6907,6908,1
A,6908,6909,1
T,6909,6910,1
A,6910,6912,2
T,6912,6913,1
A,6913,6914,1
T,6914,6915,1
A,6915,6916,1
T,6916,6918,2
A,6918,6919,1
T,6919,6920,1
A,6920,6925,5
T,6925,6926,1
C,6926,6927,1
A,6927,6928,1
T,6928,6929,1
A,6929,6931,2
T,6931,6932,1
A,6932,6933,1
T,6933,6936,3
A,6936,6939,3
T,6939,6942,3
C,6942,6943,1
T,6943,6944,1
C,6944,6945,1
A,6945,6946,1
T,6946,6948,2
C,6948,6949,1
T,6949,6950,1
A,6950,6952,2
C,6952,6953,1
T,6953,6954,1
A,6954,6955,1
T,6955,6956,1
A,6956,6957,1
T,6957,6958,1
C,6958,6959,1
T,6959,6960,1
A,6960,6964,4
T,6964,6966,2
A,6966,6969,3
T,6969,6970,1
C,6970,6971,1
T,6971,6974,3
A,6974,6975,1
G,6975,6976,1
A,6976,6978,2
T,6978,6979,1
A,6979,6983,4
C,6983,6986,3
A,6986,6987,1
G,6987,6988,1
C,6988,6989,1
T,6989,6990,1
A,6990,6996,6
G,6996,6998,2
T,6998,6999,1
A,6999,7000,1
T,7000,7002,2
C,7002,7004,2
A,7004,7005,1
C,7005,7006,1
A,7006,7007,1
T,7007,7008,1
A,7008,7010,2
T,7010,7011,1
G,7011,7012,1
C,7012,7013,1
T,7013,7014,1
A,7014,7017,3
T,7017,7020,3
G,7020,7021,1
A,7021,7024,3
T,7024,7025,1
A,7025,7026,1
T,7026,7028,2
A,7028,7032,4
C,7032,7033,1
A,7033,7034,1
T,7034,7035,1
A,7035,7038,3
G,7038,7039,1
A,7039,7041,2
G,7041,7042,1
T,7042,7044,2
A,7044,7047,3
G,7047,7049,2
A,7049,7051,2
C,7051,7052,1
A,7052,7053,1
T,7053,7054,1
A,7054,7056,2
T,7056,7057,1
A,7057,7060,3
C,7060,7061,1
T,7061,7062,1
A,7062,7065,3
C,7065,7067,2
T,7067,7068,1
C,7068,7070,2
T,7070,7071,1
A,7071,7072,1
T,7072,7073,1
A,7073,7074,1
T,7074,7076,2
A,7076,7077,1
C,7077,7078,1
G,7078,7079,1
A,7079,7081,2
T,7081,7082,1
A,7082,7083,1
T,7083,7084,1
C,7084,7086,2
T,7086,7087,1
G,7087,7088,1
T,7088,7089,1
A,7089,7090,1
T,7090,7091,1
A,7091,7092,1
T,7092,7093,1
C,7093,7094,1
A,7094,7095,1
T,7095,7098,3
A,7098,7099,1
T,7099,7101,2
A,7101,7102,1
T,7102,7103,1
A,7103,7104,1
T,7104,7105,1
G,7105,7106,1
A,7106,7108,2
T,7108,7109,1
A,7109,7111,2
T,7111,7112,1
C,7112,7113,1
A,7113,7114,1
C,7114,7115,1
T,7115,7116,1
C,7116,7118,2
A,7118,7119,1
G,7119,7120,1
C,7120,7121,1
A,7121,7122,1
C,7122,7123,1
A,7123,7124,1
C,7124,7125,1
A,7125,7126,1
T,7126,7127,1
A,7127,7130,3
T,7130,7131,1
A,7131,7133,2
T,7133,7134,1
A,7134,7137,3
G,7137,7138,1
C,7138,7139,1
T,7139,7142,3
A,7142,7145,3
T,7145,7146,1
A,7146,7147,1
T,7147,7148,1
A,7148,7149,1
G,7149,7150,1
C,7150,7151,1
A,7151,7152,1
T,7152,7153,1
G,7153,7154,1
A,7154,7155,1
G,7155,7156,1
T,7156,7158,2
A,7158,7160,2
T,7160,7161,1
A,7161,7164,3
T,7164,7165,1
G,7165,7166,1
A,7166,7173,7
G,7173,7174,1
C,7174,7176,2
A,7176,7179,3
T,7179,7180,1
C,7180,7181,1
A,7181,7182,1
G,7182,7184,2
T,7184,7185,1
A,7185,7188,3
C,7188,7190,2
T,7190,7191,1
A,7191,7194,3
C,7194,7195,1
T,7195,7197,2
A,7197,7201,4
T,7201,7203,2
C,7203,7204,1
T,7204,7206,2
A,7206,7207,1
T,7207,7209,2
A,7209,7210,1
T,7210,7212,2
A,7212,7214,2
T,7214,7215,1
C,7215,7217,2
T,7217,7218,1
A,7218,7220,2
T,7220,7222,2
G,7222,7223,1
T,7223,7224,1
C,7224,7225,1
T,7225,7227,2
A,7227,7230,3
G,7230,7231,1
T,7231,7232,1
A,7232,7233,1
G,7233,7234,1
A,7234,7235,1
T,7235,7236,1
A,7236,7239,3
G,7239,7240,1
C,7240,7241,1
A,7241,7243,2
T,7243,7244,1
A,7244,7246,2
T,7246,7254,8
A,7254,7257,3
T,7257,7258,1
C,7258,7259,1
A,7259,7262,3
T,7262,7264,2
C,7264,7265,1
A,7265,7266,1
T,7266,7267,1
A,7267,7269,2
T,7269,7271,2
A,7271,7272,1
G,7272,7273,1
C,7273,7274,1
A,7274,7275,1
G,7275,7276,1
A,7276,7279,3
T,7279,7281,2
C,7281,7283,2
A,7283,7284,1
G,7284,7285,1
C,7285,7286,1
T,7286,7287,1
A,7287,7288,1
T,7288,7290,2
A,7290,7292,2
T,7292,7293,1
A,7293,7294,1
T,7294,7296,2
G,7296,7297,1
T,7297,7299,2
A,7299,7302,3
C,7302,7303,1
T,7303,7304,1
A,7304,7305,1
G,7305,7306,1
A,7306,7310,4
T,7310,7311,1
A,7311,7312,1
C,7312,7314,2
A,7314,7316,2
T,7316,7317,1
A,7317,7321,4
T,7321,7326,5
A,7326,7331,5
T,7331,7332,1
A,7332,7333,1
T,7333,7334,1
C,7334,7335,1
A,7335,7336,1
T,7336,7337,1
A,7337,7338,1
T,7338,7339,1
C,7339,7340,1
T,7340,7341,1
A,7341,7343,2
T,7343,7344,1
A,7344,7346,2
T,7346,7347,1
A,7347,7348,1
G,7348,7349,1
T,7349,7350,1
A,7350,7353,3
T,7353,7355,2
A,7355,7358,3
T,7358,7359,1
C,7359,7360,1
G,7360,7361,1
A,7361,7363,2
T,7363,7364,1
C,7364,7365,1
A,7365,7367,2
T,7367,7368,1
A,7368,7371,3
T,7371,7372,1
A,7372,7373,1
T,7373,7374,1
A,7374,7375,1
C,7375,7376,1
T,7376,7377,1
C,7377,7379,2
A,7379,7380,1
G,7380,7381,1
C,7381,7382,1
T,7382,7383,1
G,7383,7384,1
T,7384,7385,1
A,7385,7387,2
C,7387,7388,1
T,7388,7389,1
A,7389,7392,3
G,7392,7393,1
T,7393,7395,2
G,7395,7396,1
A,7396,7397,1
T,7397,7398,1
G,7398,7399,1
A,7399,7401,2
T,7401,7402,1
G,7402,7403,1
A,7403,7405,2
C,7405,7406,1
T,7406,7407,1
A,7407,7409,2
T,7409,7410,1
G,7410,7411,1
C,7411,7412,1
A,7412,7413,1
G,7413,7414,1
A,7414,7417,3
C,7417,7418,1
T,7418,7419,1
G,7419,7421,2
A,7421,7422,1
G,7422,7423,1
T,7423,7424,1
A,7424,7425,1
G,7425,7427,2
A,7427,7428,1
G,7428,7429,1
C,7429,7430,1
A,7430,7431,1
G,7431,7432,1
C,7432,7433,1
T,7433,7434,1
A,7434,7435,1
T,7435,7436,1
A,7436,7437,1
G,7437,7438,1
C,7438,7439,1
A,7439,7440,1
G,7440,7441,1
C,7441,7442,1
T,7442,7443,1
G,7443,7445,2
T,7445,7446,1
A,7446,7448,2
T,7448,7449,1
C,7449,7450,1
A,7450,7452,2
G,7452,7453,1
A,7453,7454,1
T,7454,7455,1
C,7455,7456,1
T,7456,7457,1
A,7457,7461,4
G,7461,7463,2
A,7463,7465,2
T,7465,7468,3
G,7468,7469,1
A,7469,7470,1
G,7470,7471,1
C,7471,7472,1
T,7472,7473,1
C,7473,7474,1
T,7474,7478,4
A,7478,7479,1
G,7479,7480,1
T,7480,7482,2
A,7482,7483,1
T,7483,7484,1
A,7484,7485,1
G,7485,7486,1
C,7486,7487,1
A,7487,7488,1
G,7488,7489,1
C,7489,7490,1
A,7490,7492,2
T,7492,7493,1
A,7493,7495,2
T,7495,7497,2
A,7497,7498,1
C,7498,7499,1
T,7499,7500,1
A,7500,7503,3
C,7503,7505,2
T,7505,7506,1
C,7506,7508,2
A,7508,7510,2
T,7510,7511,1
A,7511,7513,2
T,7513,7517,4
C,7517,7518,1
A,7518,7519,1
T,7519,7521,2
C,7521,7522,1
T,7522,7523,1
A,7523,7527,4
T,7527,7528,1
C,7528,7529,1
A,7529,7530,1
T,7530,7532,2
A,7532,7533,1
T,7533,7536,3
A,7536,7537,1
T,7537,7539,2
A,7539,7541,2
T,7541,7543,2
C,7543,7545,2
A,7545,7548,3
T,7548,7549,1
A,7549,7555,6
T,7555,7556,1
A,7556,7557,1
T,7557,7558,1
A,7558,7560,2
T,7560,7563,3
C,7563,7564,1
A,7564,7565,1
T,7565,7566,1
C,7566,7568,2
T,7568,7569,1
C,7569,7571,2
A,7571,7572,1
T,7572,7573,1
A,7573,7575,2
T,7575,7577,2
C,7577,7578,1
A,7578,7579,1
T,7579,7581,2
A,7581,7582,1
T,7582,7584,2
C,7584,7585,1
A,7585,7587,2
G,7587,7588,1
A,7588,7591,3
T,7591,7592,1
A,7592,7594,2
C,7594,7595,1
T,7595,7596,1
A,7596,7597,1
T,7597,7599,2
A,7599,7603,4
T,7603,7605,2
A,7605,7606,1
T,7606,7608,2
A,7608,7609,1
C,7609,7610,1
A,7610,7611,1
T,7611,7612,1
C,7612,7613,1
A,7613,7614,1
C,7614,7616,2
A,7616,7618,2
C,7618,7619,1
T,7619,7620,1
C,7620,7621,1
G,7621,7622,1
A,7622,7623,1
T,7623,7625,2
A,7625,7626,1
G,7626,7627,1
A,7627,7628,1
C,7628,7629,1
A,7629,7632,3
G,7632,7633,1
C,7633,7634,1
A,7634,7635,1
G,7635,7636,1
T,7636,7637,1
A,7637,7639,2
G,7639,7640,1
T,7640,7641,1
A,7641,7642,1
T,7642,7643,1
A,7643,7644,1
C,7644,7646,2
A,7646,7647,1
G,7647,7648,1
C,7648,7649,1
A,7649,7650,1
T,7650,7652,2
A,7652,7656,4
G,7656,7657,1
A,7657,7658,1
C,7658,7659,1
T,7659,7661,2
A,7661,7663,2
T,7663,7664,1
A,7664,7665,1
T,7665,7669,4
G,7669,7670,1
A,7670,7671,1
T,7671,7672,1
A,7672,7674,2
T,7674,7675,1
A,7675,7678,3
T,7678,7680,2
A,7680,7681,1
C,7681,7682,1
T,7682,7683,1
A,7683,7686,3
C,7686,7687,1
A,7687,7689,2
T,7689,7690,1
A,7690,7692,2
G,7692,7693,1
A,7693,7696,3
C,7696,7697,1
T,7697,7698,1
A,7698,7701,3
C,7701,7703,2
T,7703,7704,1
A,7704,7706,2
T,7706,7707,1
C,7707,7709,2
A,7709,7710,1
T,7710,7711,1
C,7711,7712,1
T,7712,7713,1
C,7713,7714,1
A,7714,7715,1
T,7715,7716,1
C,7716,7718,2
T,7718,7719,1
A,7719,7726,7
T,7726,7728,2
C,7728,7729,1
T,7729,7730,1
A,7730,7732,2
T,7732,7734,2
A,7734,7735,1
T,7735,7736,1
A,7736,7737,1
T,7737,7740,3
G,7740,7742,2
T,7742,7743,1
C,7743,7744,1
T,7744,7745,1
A,7745,7747,2
T,7747,7748,1
A,7748,7750,2
T,7750,7752,2
A,7752,7754,2
T,7754,7755,1
A,7755,7759,4
T,7759,7761,2
A,7761,7762,1
T,7762,7764,2
G,7764,7765,1
A,7765,7769,4
T,7769,7770,1
A,7770,7775,5
T,7775,7776,1
A,7776,7778,2
T,7778,7779,1
A,7779,7783,4
C,7783,7784,1
T,7784,7785,1
A,7785,7792,7
T,7792,7793,1
A,7793,7797,4
C,7797,7798,1
G,7798,7799,1
A,7799,7800,1
T,7800,7803,3
A,7803,7806,3
T,7806,7809,3
A,7809,7811,2
T,7811,7813,2
C,7813,7814,1
T,7814,7815,1
G,7815,7816,1
A,7816,7818,2
T,7818,7821,3
A,7821,7822,1
T,7822,7823,1
A,7823,7824,1
T,7824,7825,1
A,7825,7826,1
T,7826,7827,1
C,7827,7828,1
T,7828,7833,5
C,7833,7834,1
T,7834,7835,1
A,7835,7836,1
T,7836,7837,1
A,7837,7843,6
T,7843,7845,2
A,7845,7846,1
C,7846,7847,1
T,7847,7848,1
G,7848,7849,1
A,7849,7851,2
G,7851,7852,1
A,7852,7854,2
G,7854,7855,1
A,7855,7858,3
T,7858,7860,2
A,7860,7861,1
T,7861,7863,2
A,7863,7867,4
C,7867,7868,1
A,7868,7871,3
T,7871,7872,1
A,7872,7873,1
T,7873,7874,1
C,7874,7875,1
A,7875,7876,1
T,7876,7877,1
A,7877,7880,3
T,7880,7881,1
A,7881,7883,2
T,7883,7884,1
A,7884,7887,3
G,7887,7888,1
A,7888,7889,1
T,7889,7890,1
A,7890,7891,1
T,7891,7893,2
C,7893,7894,1
A,7894,7896,2
T,7896,7897,1
C,7897,7899,2
A,7899,7901,2
T,7901,7902,1
A,7902,7906,4
T,7906,7907,1
A,7907,7908,1
G,7908,7909,1
A,7909,7910,1
T,7910,7911,1
A,7911,7912,1
T,7912,7913,1
A,7913,7915,2
C,7915,7916,1
A,7916,7918,2
T,7918,7920,2
C,7920,7921,1
T,7921,7922,1
C,7922,7923,1
A,7923,7924,1
T,7924,7926,2
G,7926,7927,1
A,7927,7929,2
T,7929,7931,2
A,7931,7935,4
G,7935,7936,1
A,7936,7939,3
T,7939,7940,1
A,7940,7942,2
T,7942,7945,3
C,7945,7946,1
T,7946,7947,1
C,7947,7948,1
A,7948,7949,1
T,7949,7951,2
C,7951,7952,1
T,7952,7953,1
A,7953,7958,5
T,7958,7959,1
A,7959,7963,4
C,7963,7964,1
T,7964,7965,1
A,7965,7966,1
T,7966,7967,1
A,7967,7968,1
T,7968,7972,4
C,7972,7973,1
T,7973,7974,1
A,7974,7975,1
T,7975,7976,1
A,7976,7978,2
T,7978,7979,1
A,7979,7983,4
T,7983,7984,1
A,7984,7985,1
T,7985,7986,1
A,7986,7987,1
T,7987,7989,2
A,7989,7990,1
T,7990,7991,1
A,7991,7994,3
T,7994,7995,1
A,7995,7996,1
C,7996,7997,1
A,7997,7998,1
T,7998,7999,1
A,7999,8000,1
T,8000,8001,1
A,8001,8002,1
T,8002,8003,1
A,8003,8005,2
T,8005,8007,2
A,8007,8008,1
T,8008,8010,2
C,8010,8011,1
T,8011,8012,1
A,8012,8023,11
G,8023,8024,1
A,8024,8034,10
C,8034,8035,1
T,8035,8036,1
C,8036,8037,1
A,8037,8038,1
T,8038,8039,1
A,8039,8043,4
C,8043,8044,1
A,8044,8047,3
T,8047,8048,1
A,8048,8049,1
G,8049,8050,1
A,8050,8052,2
T,8052,8055,3
A,8055,8057,2
T,8057,8063,6
A,8063,8065,2
T,8065,8066,1
G,8066,8067,1
A,8067,8068,1
T,8068,8071,3
A,8071,8075,4
T,8075,8076,1
G,8076,8077,1
A,8077,8080,3
C,8080,8081,1
A,8081,8083,2
C,8083,8084,1
T,8084,8086,2
C,8086,8087,1
A,8087,8088,1
T,8088,8089,1
A,8089,8090,1
T,8090,8095,5
G,8095,8096,1
A,8096,8097,1
T,8097,8099,2
C,8099,8101,2
A,8101,8102,1
C,8102,8103,1
A,8103,8106,3
C,8106,8108,2
A,8108,8110,2
T,8110,8111,1
A,8111,8112,1
T,8112,8120,8
A,8120,8123,3
T,8123,8125,2
A,8125,8126,1
T,8126,8129,3
A,8129,8132,3
T,8132,8133,1
A,8133,8137,4
T,8137,8138,1
C,8138,8139,1
A,8139,8142,3
T,8142,8144,2
A,8144,8150,6
T,8150,8151,1
A,8151,8153,2
T,8153,8154,1
C,8154,8155,1
A,8155,8157,2
T,8157,8162,5
A,8162,8166,4
T,8166,8168,2
A,8168,8169,1
T,8169,8170,1
A,8170,8172,2
T,8172,8173,1
A,8173,8174,1
T,8174,8177,3
A,8177,8180,3
G,8180,8182,2
T,8182,8183,1
A,8183,8184,1
T,8184,8186,2
C,8186,8187,1
A,8187,8189,2
T,8189,8190,1
G,8190,8191,1
T,8191,8192,1
A,8192,8194,2
T,8194,8195,1
A,8195,8197,2
T,8197,8198,1
A,8198,8200,2
T,8200,8201,1
A,8201,8202,1
T,8202,8204,2
A,8204,8207,3
T,8207,8208,1
A,8208,8209,1
T,8209,8211,2
C,8211,8212,1
T,8212,8213,1
C,8213,8214,1
G,8214,8215,1
A,8215,8216,1
G,8216,8217,1
A,8217,8218,1
C,8218,8219,1
A,8219,8220,1
C,8220,8221,1
A,8221,8222,1
C,8222,8224,2
T,8224,8225,1
G,8225,8226,1
T,8226,8227,1
A,8227,8228,1
T,8228,8229,1
A,8229,8233,4
T,8233,8234,1
C,8234,8235,1
T,8235,8236,1
A,8236,8237,1
T,8237,8238,1
A,8238,8241,3
T,8241,8242,1
A,8242,8243,1
C,8243,8244,1
T,8244,8246,2
A,8246,8247,1
T,8247,8248,1
A,8248,8249,1
T,8249,8251,2
A,8251,8252,1
T,8252,8253,1
A,8253,8254,1
T,8254,8258,4
C,8258,8260,2
A,8260,8261,1
T,8261,8262,1
G,8262,8263,1
T,8263,8265,2
G,8265,8266,1
A,8266,8267,1
G,8267,8268,1
T,8268,8269,1
A,8269,8270,1
T,8270,8271,1
A,8271,8273,2
G,8273,8274,1
A,8274,8276,2
T,8276,8277,1
A,8277,8278,1
T,8278,8279,1
A,8279,8282,3
T,8282,8283,1
A,8283,8284,1
T,8284,8285,1
A,8285,8287,2
T,8287,8288,1
C,8288,8289,1
T,8289,8290,1
A,8290,8291,1
T,8291,8292,1
A,8292,8293,1
C,8293,8297,4
G,8297,8298,1
C,8298,8299,1
T,8299,8300,1
C,8300,8301,1
T,8301,8302,1
A,8302,8308,6
T,8308,8309,1
G,8309,8310,1
A,8310,8313,3
T,8313,8315,2
A,8315,8316,1
T,8316,8317,1
A,8317,8319,2
T,8319,8321,2
A,8321,8323,2
T,8323,8324,1
A,8324,8325,1
T,8325,8326,1
A,8326,8328,2
T,8328,8330,2
A,8330,8331,1
T,8331,8332,1
A,8332,8333,1
G,8333,8334,1
T,8334,8336,2
A,8336,8338,2
T,8338,8339,1
C,8339,8340,1
A,8340,8342,2
G,8342,8343,1
A,8343,8344,1
T,8344,8345,1
C,8345,8346,1
A,8346,8347,1
T,8347,8348,1
C,8348,8349,1
T,8349,8350,1
A,8350,8352,2
T,8352,8354,2
A,8354,8355,1
C,8355,8356,1
T,8356,8357,1
C,8357,8358,1
T,8358,8359,1
A,8359,8360,1
T,8360,8362,2
A,8362,8364,2
T,8364,8366,2
A,8366,8369,3
C,8369,8370,1
T,8370,8371,1
A,8371,8373,2
T,8373,8374,1
C,8374,8375,1
T,8375,8376,1
C,8376,8377,1
T,8377,8378,1
C,8378,8380,2
T,8380,8381,1
A,8381,8382,1
T,8382,8384,2
A,8384,8387,3
T,8387,8390,3
A,8390,8391,1
T,8391,8393,2
G,8393,8394,1
A,8394,8396,2
G,8396,8398,2
A,8398,8399,1
G,8399,8401,2
A,8401,8402,1
G,8402,8403,1
A,8403,8404,1
T,8404,8405,1
G,8405,8406,1
C,8406,8407,1
T,8407,8408,1
A,8408,8409,1
T,8409,8410,1
A,8410,8411,1
T,8411,8413,2
A,8413,8414,1
G,8414,8415,1
A,8415,8417,2
G,8417,8418,1
A,8418,8419,1
T,8419,8420,1
A,8420,8425,5
T,8425,8426,1
A,8426,8431,5
T,8431,8432,1
C,8432,8433,1
A,8433,8434,1
T,8434,8435,1
C,8435,8436,1
A,8436,8437,1
T,8437,8438,1
A,8438,8440,2
T,8440,8441,1
C,8441,8442,1
T,8442,8444,2
A,8444,8447,3
G,8447,8448,1
A,8448,8450,2
G,8450,8452,2
T,8452,8453,1
A,8453,8454,1
T,8454,8455,1
A,8455,8459,4
T,8459,8462,3
A,8462,8463,1
T,8463,8465,2
A,8465,8466,1
T,8466,8468,2
C,8468,8470,2
T,8470,8473,3
A,8473,8474,1
T,8474,8476,2
A,8476,8478,2
T,8478,8479,1
A,8479,8482,3
T,8482,8483,1
A,8483,8485,2
T,8485,8486,1
C,8486,8487,1
T,8487,8489,2
C,8489,8490,1
G,8490,8491,1
T,8491,8492,1
C,8492,8493,1
T,8493,8494,1
A,8494,8495,1
T,8495,8497,2
A,8497,8499,2
T,8499,8501,2
C,8501,8502,1
G,8502,8503,1
C,8503,8504,1
T,8504,8505,1
C,8505,8506,1
A,8506,8507,1
T,8507,8508,1
A,8508,8510,2
T,8510,8512,2
A,8512,8514,2
T,8514,8515,1
A,8515,8516,1
T,8516,8518,2
A,8518,8520,2
C,8520,8521,1
T,8521,8522,1
A,8522,8525,3
C,8525,8526,1
A,8526,8530,4
T,8530,8531,1
A,8531,8532,1
T,8532,8534,2
C,8534,8536,2
T,8536,8537,1
G,8537,8538,1
A,8538,8539,1
T,8539,8540,1
G,8540,8541,1
A,8541,8543,2
C,8543,8544,1
A,8544,8545,1
T,8545,8546,1
A,8546,8548,2
T,8548,8549,1
C,8549,8551,2
A,8551,8552,1
T,8552,8553,1
G,8553,8554,1
A,8554,8555,1
C,8555,8557,2
A,8557,8559,2
T,8559,8561,2
A,8561,8562,1
T,8562,8564,2
A,8564,8565,1
T,8565,8566,1
A,8566,8568,2
T,8568,8569,1
A,8569,8570,1
T,8570,8571,1
A,8571,8573,2
G,8573,8574,1
A,8574,8576,2
C,8576,8578,2
T,8578,8579,1
A,8579,8580,1
T,8580,8581,1
A,8581,8584,3
T,8584,8585,1
C,8585,8587,2
T,8587,8588,1
C,8588,8589,1
A,8589,8591,2
T,8591,8592,1
A,8592,8594,2
T,8594,8597,3
A,8597,8598,1
T,8598,8599,1
A,8599,8600,1
G,8600,8601,1
T,8601,8603,2
A,8603,8604,1
T,8604,8605,1
A,8605,8607,2
T,8607,8608,1
A,8608,8609,1
C,8609,8611,2
A,8611,8612,1
C,8612,8613,1
A,8613,8616,3
T,8616,8618,2
A,8618,8619,1
C,8619,8620,1
T,8620,8621,1
A,8621,8623,2
T,8623,8624,1
C,8624,8626,2
T,8626,8627,1
A,8627,8628,1
T,8628,8629,1
A,8629,8630,1
T,8630,8631,1
G,8631,8632,1
A,8632,8633,1
G,8633,8634,1
C,8634,8635,1
A,8635,8637,2
C,8637,8638,1
T,8638,8639,1
G,8639,8640,1
A,8640,8641,1
T,8641,8642,1
G,8642,8643,1
A,8643,8645,2
T,8645,8646,1
A,8646,8648,2
G,8648,8649,1
C,8649,8650,1
A,8650,8652,2
T,8652,8654,2
A,8654,8656,2
T,8656,8657,1
G,8657,8658,1
A,8658,8659,1
C,8659,8660,1
T,8660,8663,3
A,8663,8664,1
T,8664,8665,1
A,8665,8666,1
T,8666,8667,1
C,8667,8668,1
A,8668,8669,1
G,8669,8670,1
T,8670,8673,3
G,8673,8674,1
A,8674,8675,1
C,8675,8676,1
A,8676,8681,5
C,8681,8682,1
A,8682,8684,2
T,8684,8687,3
A,8687,8690,3
C,8690,8691,1
T,8691,8692,1
A,8692,8694,2
T,8694,8695,1
A,8695,8696,1
T,8696,8697,1
A,8697,8698,1
T,8698,8699,1
A,8699,8702,3
C,8702,8704,2
T,8704,8705,1
C,8705,8707,2
T,8707,8708,1
A,8708,8710,2
T,8710,8711,1
A,8711,8714,3
C,8714,8715,1
T,8715,8716,1
A,8716,8718,2
T,8718,8719,1
A,8719,8721,2
T,8721,8723,2
A,8723,8724,1
C,8724,8725,1
T,8725,8726,1
C,8726,8727,1
A,8727,8730,3
T,8730,8731,1
A,8731,8735,4
T,8735,8737,2
A,8737,8740,3
T,8740,8744,4
A,8744,8745,1
T,8745,8747,2
C,8747,8749,2
T,8749,8750,1
A,8750,8751,1
T,8751,8757,6
G,8757,8758,1
A,8758,8763,5
G,8763,8764,1
A,8764,8766,2
T,8766,8768,2
A,8768,8769,1
T,8769,8770,1
A,8770,8772,2
T,8772,8774,2
C,8774,8775,1
G,8775,8776,1
T,8776,8777,1
A,8777,8781,4
G,8781,8782,1
A,8782,8783,1
C,8783,8785,2
A,8785,8786,1
T,8786,8787,1
A,8787,8788,1
T,8788,8789,1
C,8789,8791,2
T,8791,8792,1
C,8792,8794,2
T,8794,8795,1
A,8795,8797,2
T,8797,8801,4
A,8801,8803,2
T,8803,8804,1
A,8804,8805,1
T,8805,8806,1
A,8806,8808,2
T,8808,8810,2
C,8810,8812,2
A,8812,8813,1
G,8813,8814,1
C,8814,8815,1
T,8815,8816,1
A,8816,8820,4
T,8820,8822,2
A,8822,8823,1
T,8823,8824,1
A,8824,8825,1
G,8825,8826,1
A,8826,8827,1
T,8827,8828,1
C,8828,8830,2
T,8830,8831,1
G,8831,8832,1
A,8832,8835,3
C,8835,8836,1
T,8836,8837,1
G,8837,8839,2
A,8839,8840,1
G,8840,8841,1
C,8841,8842,1
T,8842,8844,2
C,8844,8845,1
T,8845,8846,1
A,8846,8847,1
C,8847,8848,1
A,8848,8849,1
T,8849,8850,1
G,8850,8851,1
A,8851,8852,1
G,8852,8853,1
C,8853,8854,1
T,8854,8857,3
A,8857,8858,1
G,8858,8860,2
T,8860,8861,1
A,8861,8863,2
T,8863,8864,1
C,8864,8865,1
A,8865,8866,1
T,8866,8867,1
A,8867,8870,3
T,8870,8871,1
G,8871,8872,1
A,8872,8874,2
C,8874,8875,1
A,8875,8879,4
T,8879,8880,1
A,8880,8881,1
T,8881,8882,1
A,8882,8883,1
T,8883,8884,1
A,8884,8885,1
G,8885,8887,2
T,8887,8888,1
A,8888,8889,1
T,8889,8894,5
A,8894,8895,1
C,8895,8896,1
T,8896,8897,1
A,8897,8903,6
G,8903,8904,1
C,8904,8905,1
T,8905,8906,1
A,8906,8910,4
T,8910,8912,2
A,8912,8913,1
T,8913,8915,2
G,8915,8916,1
A,8916,8917,1
T,8917,8918,1
A,8918,8919,1
T,8919,8920,1
A,8920,8921,1
T,8921,8922,1
A,8922,8923,1
T,8923,8924,1
A,8924,8926,2
T,8926,8927,1
A,8927,8933,6
T,8933,8934,1
A,8934,8936,2
T,8936,8939,3
A,8939,8940,1
T,8940,8941,1
A,8941,8942,1
T,8942,8943,1
C,8943,8944,1
A,8944,8945,1
T,8945,8946,1
A,8946,8950,4
T,8950,8953,3
A,8953,8954,1
T,8954,8955,1
A,8955,8960,5
T,8960,8961,1
A,8961,8964,3
T,8964,8965,1
A,8965,8967,2
T,8967,8969,2
A,8969,8972,3
T,8972,8973,1
A,8973,8975,2
T,8975,8978,3
A,8978,8981,3
T,8981,8983,2
A,8983,8984,1
T,8984,8986,2
A,8986,8991,5
T,8991,8992,1
A,8992,9000,8
T,9000,9002,2
C,9002,9004,2
T,9004,9005,1
A,9005,9006,1
T,9006,9008,2
A,9008,9010,2
T,9010,9011,1
A,9011,9012,1
T,9012,9014,2
G,9014,9016,2
T,9016,9017,1
A,9017,9020,3
G,9020,9021,1
A,9021,9022,1
T,9022,9023,1
A,9023,9024,1
C,9024,9025,1
A,9025,9028,3
T,9028,9029,1
A,9029,9032,3
G,9032,9033,1
T,9033,9034,1
A,9034,9035,1
T,9035,9036,1
A,9036,9039,3
T,9039,9041,2
A,9041,9043,2
T,9043,9044,1
A,9044,9047,3
T,9047,9048,1
A,9048,9049,1
T,9049,9050,1
A,9050,9051,1
T,9051,9053,2
C,9053,9055,2
T,9055,9056,1
G,9056,9057,1
C,9057,9058,1
T,9058,9060,2
G,9060,9061,1
A,9061,9063,2
T,9063,9064,1
A,9064,9065,1
C,9065,9066,1
G,9066,9067,1
T,9067,9069,2
C,9069,9070,1
T,9070,9071,1
G,9071,9073,2
T,9073,9075,2
G,9075,9076,1
A,9076,9077,1
T,9077,9078,1
A,9078,9080,2
C,9080,9082,2
T,9082,9083,1
C,9083,9084,1
A,9084,9085,1
C,9085,9088,3
A,9088,9090,2
T,9090,9091,1
A,9091,9093,2
T,9093,9095,2
A,9095,9097,2
T,9097,9098,1
A,9098,9100,2
T,9100,9101,1
A,9101,9103,2
T,9103,9104,1
G,9104,9105,1
T,9105,9106,1
A,9106,9107,1
G,9107,9109,2
A,9109,9111,2
T,9111,9113,2
A,9113,9115,2
T,9115,9116,1
C,9116,9117,1
T,9117,9119,2
C,9119,9120,1
T,9120,9123,3
C,9123,9124,1
A,9124,9134,10
T,9134,9135,1
A,9135,9139,4
T,9139,9140,1
A,9140,9141,1
T,9141,9142,1
A,9142,9145,3
T,9145,9146,1
A,9146,9149,3
T,9149,9152,3
A,9152,9153,1
T,9153,9155,2
A,9155,9156,1
C,9156,9157,1
T,9157,9158,1
C,9158,9159,1
T,9159,9160,1
A,9160,9165,5
C,9165,9166,1
T,9166,9167,1
A,9167,9168,1
T,9168,9169,1
A,9169,9170,1
T,9170,9171,1
A,9171,9172,1
C,9172,9173,1
A,9173,9175,2
T,9175,9176,1
A,9176,9177,1
T,9177,9178,1
A,9178,9180,2
T,9180,9182,2
A,9182,9184,2
T,9184,9185,1
A,9185,9187,2
T,9187,9188,1
A,9188,9190,2
T,9190,9191,1
A,9191,9192,1
C,9192,9193,1
A,9193,9195,2
C,9195,9196,1
A,9196,9197,1
T,9197,9200,3
A,9200,9202,2
T,9202,9203,1
A,9203,9212,9
T,9212,9217,5
A,9217,9218,1
T,9218,9219,1
A,9219,9223,4
T,9223,9224,1
A,9224,9226,2
T,9226,9229,3
C,9229,9230,1
T,9230,9232,2
A,9232,9233,1
T,9233,9236,3
A,9236,9239,3
T,9239,9243,4
C,9243,9244,1
T,9244,9245,1
C,9245,9246,1
T,9246,9248,2
G,9248,9249,1
C,9249,9250,1
T,9250,9251,1
A,9251,9252,1
T,9252,9253,1
A,9253,9255,2
T,9255,9257,2
A,9257,9258,1
T,9258,9260,2
A,9260,9262,2
C,9262,9263,1
A,9263,9264,1
T,9264,9265,1
A,9265,9266,1
C,9266,9267,1
A,9267,9270,3
T,9270,9272,2
C,9272,9273,1
A,9273,9276,3
T,9276,9278,2
C,9278,9279,1
T,9279,9281,2
A,9281,9283,2
T,9283,9284,1
A,9284,9288,4
T,9288,9290,2
A,9290,9292,2
T,9292,9293,1
C,9293,9295,2
A,9295,9296,1
T,9296,9297,1
A,9297,9298,1
T,9298,9299,1
G,9299,9300,1
A,9300,9303,3
T,9303,9305,2
A,9305,9306,1
T,9306,9307,1
A,9307,9308,1
T,9308,9309,1
C,9309,9310,1
A,9310,9311,1
C,9311,9312,1
A,9312,9313,1
T,9313,9314,1
C,9314,9315,1
T,9315,9317,2
A,9317,9318,1
T,9318,9319,1
C,9319,9320,1
A,9320,9321,1
T,9321,9322,1
A,9322,9323,1
T,9323,9324,1
A,9324,9326,2
C,9326,9328,2
T,9328,9329,1
A,9329,9332,3
T,9332,9335,3
C,9335,9336,1
T,9336,9337,1
A,9337,9340,3
T,9340,9341,1
A,9341,9344,3
T,9344,9345,1
C,9345,9346,1
A,9346,9348,2
T,9348,9349,1
A,9349,9350,1
C,9350,9351,1
T,9351,9352,1
A,9352,9354,2
T,9354,9355,1
A,9355,9356,1
G,9356,9357,1
A,9357,9358,1
T,9358,9359,1
A,9359,9362,3
T,9362,9365,3
A,9365,9366,1
T,9366,9367,1
A,9367,9370,3
T,9370,9371,1
A,9371,9372,1
T,9372,9374,2
A,9374,9375,1
T,9375,9377,2
A,9377,9378,1
T,9378,9380,2
A,9380,9381,1
T,9381,9383,2
A,9383,9387,4
T,9387,9389,2
A,9389,9391,2
T,9391,9392,1
A,9392,9393,1
T,9393,9395,2
A,9395,9396,1
T,9396,9399,3
G,9399,9400,1
A,9400,9402,2
C,9402,9404,2
A,9404,9405,1
T,9405,9407,2
C,9407,9408,1
A,9408,9412,4
T,9412,9413,1
A,9413,9414,1
T,9414,9418,4
A,9418,9419,1
T,9419,9421,2
A,9421,9428,7
C,9428,9429,1
A,9429,9430,1
T,9430,9431,1
A,9431,9434,3
G,9434,9436,2
A,9436,9438,2
T,9438,9440,2
A,9440,9441,1
T,9441,9442,1
A,9442,9445,3
T,9445,9446,1
A,9446,9448,2
T,9448,9449,1
A,9449,9450,1
T,9450,9452,2
A,9452,9453,1
T,9453,9454,1
A,9454,9457,3
T,9457,9458,1
A,9458,9463,5
T,9463,9467,4
A,9467,9468,1
T,9468,9469,1
C,9469,9470,1
A,9470,9471,1
T,9471,9472,1
A,9472,9473,1
T,9473,9475,2
A,9475,9476,1
T,9476,9477,1
A,9477,9479,2
T,9479,9480,1
A,9480,9483,3
T,9483,9485,2
A,9485,9488,3
T,9488,9489,1
C,9489,9490,1
T,9490,9493,3
G,9493,9494,1
A,9494,9498,4
T,9498,9499,1
A,9499,9501,2
T,9501,9502,1
C,9502,9503,1
A,9503,9504,1
T,9504,9507,3
C,9507,9509,2
A,9509,9510,1
T,9510,9511,1
G,9511,9512,1
A,9512,9513,1
G,9513,9514,1
T,9514,9516,2
C,9516,9517,1
G,9517,9518,1
A,9518,9520,2
T,9520,9522,2
A,9522,9523,1
T,9523,9524,1
A,9524,9525,1
G,9525,9526,1
A,9526,9529,3
C,9529,9530,1
T,9530,9531,1
A,9531,9535,4
T,9535,9536,1
A,9536,9537,1
G,9537,9538,1
A,9538,9539,1
T,9539,9540,1
A,9540,9542,2
T,9542,9543,1
C,9543,9545,2
T,9545,9546,1
A,9546,9549,3
G,9549,9550,1
C,9550,9551,1
T,9551,9552,1
C,9552,9554,2
T,9554,9556,2
C,9556,9557,1
A,9557,9558,1
C,9558,9559,1
A,9559,9562,3
C,9562,9563,1
A,9563,9564,1
G,9564,9565,1
A,9565,9569,4
T,9569,9570,1
A,9570,9572,2
T,9572,9573,1
A,9573,9580,7
T,9580,9582,2
A,9582,9583,1
T,9583,9585,2
A,9585,9587,2
T,9587,9588,1
A,9588,9591,3
T,9591,9592,1
A,9592,9593,1
T,9593,9594,1
A,9594,9595,1
T,9595,9596,1
A,9596,9597,1
T,9597,9599,2
A,9599,9600,1
T,9600,9601,1
A,9601,9602,1
T,9602,9604,2
C,9604,9605,1
A,9605,9607,2
T,9607,9608,1
A,9608,9612,4
T,9612,9615,3
A,9615,9617,2
T,9617,9618,1
A,9618,9619,1
T,9619,9620,1
A,9620,9622,2
T,9622,9624,2
A,9624,9625,1
T,9625,9626,1
A,9626,9640,14
T,9640,9642,2
C,9642,9643,1
T,9643,9645,2
A,9645,9649,4
C,9649,9650,1
A,9650,9652,2
T,9652,9653,1
A,9653,9656,3
T,9656,9658,2
C,9658,9659,1
T,9659,9660,1
A,9660,9662,2
T,9662,9663,1
C,9663,9664,1
T,9664,9666,2
A,9666,9668,2
T,9668,9669,1
A,9669,9673,4
C,9673,9674,1
A,9674,9676,2
T,9676,9678,2
A,9678,9680,2
T,9680,9681,1
A,9681,9684,3
T,9684,9685,1
G,9685,9686,1
T,9686,9689,3
A,9689,9690,1
T,9690,9691,1
G,9691,9692,1
T,9692,9695,3
A,9695,9696,1
G,9696,9697,1
A,9697,9700,3
C,9700,9701,1
A,9701,9706,5
T,9706,9708,2
A,9708,9709,1
T,9709,9710,1
A,9710,9711,1
T,9711,9713,2
A,9713,9714,1
C,9714,9716,2
A,9716,9718,2
T,9718,9720,2
A,9720,9721,1
T,9721,9722,1
A,9722,9723,1
T,9723,9724,1
A,9724,9725,1
T,9725,9726,1
A,9726,9727,1
T,9727,9728,1
A,9728,9730,2
T,9730,9732,2
A,9732,9734,2
C,9734,9735,1
A,9735,9736,1
T,9736,9738,2
A,9738,9739,1
C,9739,9740,1
T,9740,9741,1
A,9741,9743,2
T,9743,9744,1
A,9744,9745,1
T,9745,9747,2
A,9747,9748,1
T,9748,9749,1
A,9749,9750,1
T,9750,9753,3
A,9753,9757,4
T,9757,9759,2
A,9759,9760,1
T,9760,9761,1
C,9761,9762,1
A,9762,9763,1
T,9763,9765,2
A,9765,9766,1
G,9766,9767,1
T,9767,9772,5
A,9772,9773,1
T,9773,9774,1
A,9774,9775,1
G,9775,9776,1
T,9776,9779,3
A,9779,9780,1
C,9780,9781,1
A,9781,9783,2
T,9783,9784,1
A,9784,9788,4
C,9788,9789,1
A,9789,9790,1
T,9790,9792,2
G,9792,9794,2
T,9794,9795,1
C,9795,9796,1
T,9796,9798,2
G,9798,9799,1
T,9799,9800,1
A,9800,9803,3
T,9803,9804,1
C,9804,9805,1
A,9805,9810,5
T,9810,9811,1
A,9811,9813,2
G,9813,9814,1
T,9814,9817,3
A,9817,9819,2
T,9819,9820,1
C,9820,9821,1
T,9821,9824,3
A,9824,9829,5
C,9829,9830,1
T,9830,9832,2
C,9832,9833,1
A,9833,9836,3
G,9836,9837,1
A,9837,9842,5
G,9842,9843,1
A,9843,9845,2
T,9845,9848,3
C,9848,9849,1
T,9849,9851,2
C,9851,9852,1
A,9852,9853,1
T,9853,9854,1
C,9854,9855,1
T,9855,9856,1
A,9856,9857,1
T,9857,9858,1
A,9858,9860,2
T,9860,9861,1
C,9861,9862,1
T,9862,9863,1
C,9863,9865,2
A,9865,9869,4
T,9869,9871,2
A,9871,9872,1
T,9872,9874,2
A,9874,9875,1
T,9875,9879,4
A,9879,9880,1
T,9880,9883,3
A,9883,9887,4
T,9887,9888,1
A,9888,9889,1
T,9889,9891,2
C,9891,9892,1
T,9892,9895,3
G,9895,9896,1
T,9896,9897,1
A,9897,9899,2
T,9899,9900,1
A,9900,9902,2
T,9902,9903,1
C,9903,9904,1
A,9904,9907,3
T,9907,9909,2
A,9909,9910,1
T,9910,9913,3
A,9913,9914,1
T,9914,9917,3
C,9917,9918,1
A,9918,9919,1
T,9919,9921,2
A,9921,9923,2
T,9923,9924,1
A,9924,9926,2
T,9926,9927,1
A,9927,9929,2
T,9929,9933,4
A,9933,9934,1
T,9934,9938,4
C,9938,9939,1
T,9939,9943,4
A,9943,9944,1
C,9944,9945,1
T,9945,9946,1
A,9946,9947,1
T,9947,9948,1
A,9948,9949,1
T,9949,9955,6
C,9955,9956,1
T,9956,9958,2
A,9958,9960,2
T,9960,9961,1
C,9961,9962,1
A,9962,9963,1
T,9963,9964,1
C,9964,9966,2
T,9966,9967,1
A,9967,9968,1
T,9968,9971,3
C,9971,9972,1
A,9972,9974,2
T,9974,9975,1
A,9975,9976,1
G,9976,9978,2
A,9978,9979,1
T,9979,9984,5
A,9984,9986,2
T,9986,9988,2
C,9988,9989,1
T,9989,9991,2
C,9991,9992,1
T,9992,9993,1
A,9993,9994,1
C,9994,9995,1
A,9995,9998,3
C,9998,9999,1
T,9999,10002,3
A,10002,10003,1
T,10003,10005,2
A,10005,10007,2
C,10007,10008,1
T,10008,10010,2
G,10010,10011,1
T,10011,10012,1
A,10012,10013,1
T,10013,10015,2
A,10015,10016,1
T,10016,10020,4
A,10020,10021,1
G,10021,10023,2
T,10023,10024,1
A,10024,10025,1
T,10025,10026,1
A,10026,10028,2
T,10028,10030,2
A,10030,10032,2
C,10032,10033,1
T,10033,10034,1
A,10034,10035,1
T,10035,10036,1
A,10036,10037,1
C,10037,10038,1
T,10038,10040,2
A,10040,10041,1
C,10041,10042,1
T,10042,10043,1
G,10043,10044,1
A,10044,10045,1
T,10045,10049,4
C,10049,10050,1
A,10050,10051,1
T,10051,10052,1
A,10052,10053,1
T,10053,10054,1
A,10054,10055,1
T,10055,10059,4
A,10059,10060,1
T,10060,10063,3
C,10063,10064,1
T,10064,10065,1
A,10065,10066,1
G,10066,10067,1
T,10067,10072,5
A,10072,10073,1
T,10073,10074,1
A,10074,10075,1
G,10075,10077,2
A,10077,10078,1
G,10078,10080,2
A,10080,10081,1
T,10081,10083,2
A,10083,10084,1
T,10084,10086,2
A,10086,10087,1
G,10087,10088,1
T,10088,10092,4
G,10092,10093,1
T,10093,10096,3
A,10096,10097,1
T,10097,10100,3
A,10100,10101,1
C,10101,10102,1
G,10102,10103,1
T,10103,10106,3
C,10106,10107,1
A,10107,10109,2
G,10109,10110,1
A,10110,10112,2
T,10112,10114,2
G,10114,10115,1
C,10115,10116,1
T,10116,10118,2
C,10118,10119,1
T,10119,10120,1
A,10120,10122,2
T,10122,10123,1
G,10123,10124,1
A,10124,10126,2
T,10126,10128,2
A,10128,10129,1
T,10129,10131,2
C,10131,10132,1
A,10132,10134,2
T,10134,10138,4
A,10138,10140,2
T,10140,10147,7
A,10147,10148,1
T,10148,10149,1
A,10149,10155,6
T,10155,10157,2
C,10157,10158,1
A,10158,10160,2
T,10160,10162,2
A,10162,10163,1
T,10163,10165,2
A,10165,10166,1
T,10166,10168,2
A,10168,10169,1
T,10169,10170,1
A,10170,10171,1
T,10171,10176,5
A,10176,10178,2
T,10178,10180,2
A,10180,10181,1
T,10181,10184,3
C,10184,10185,1
A,10185,10186,1
C,10186,10187,1
T,10187,10191,4
A,10191,10193,2
G,10193,10194,1
A,10194,10196,2
T,10196,10197,1
A,10197,10198,1
T,10198,10202,4
A,10202,10203,1
T,10203,10204,1
A,10204,10205,1
T,10205,10206,1
A,10206,10209,3
T,10209,10210,1
A,10210,10212,2
T,10212,10215,3
A,10215,10218,3
T,10218,10220,2
G,10220,10221,1
A,10221,10223,2
T,10223,10224,1
A,10224,10227,3
C,10227,10228,1
T,10228,10237,9
A,10237,10239,2
T,10239,10241,2
A,10241,10242,1
T,10242,10243,1
G,10243,10244,1
A,10244,10245,1
T,10245,10246,1
A,10246,10247,1
T,10247,10248,1
A,10248,10251,3
T,10251,10252,1
A,10252,10254,2
T,10254,10258,4
C,10258,10259,1
T,10259,10261,2
A,10261,10263,2
T,10263,10266,3
A,10266,10267,1
T,10267,10270,3
A,10270,10271,1
T,10271,10279,8
A,10279,10281,2
T,10281,10282,1
A,10282,10284,2
T,10284,10285,1
G,10285,10286,1
A,10286,10290,4
T,10290,10291,1
A,10291,10295,4
T,10295,10297,2
A,10297,10299,2
T,10299,10300,1
A,10300,10301,1
T,10301,10304,3
C,10304,10305,1
T,10305,10306,1
A,10306,10310,4
T,10310,10311,1
A,10311,10312,1
T,10312,10313,1
A,10313,10314,1
T,10314,10315,1
A,10315,10317,2
T,10317,10318,1
A,10318,10320,2
T,10320,10321,1
C,10321,10322,1
A,10322,10325,3
T,10325,10328,3
A,10328,10329,1
C,10329,10330,1
T,10330,10333,3
C,10333,10334,1
T,10334,10335,1
A,10335,10337,2
T,10337,10338,1
A,10338,10340,2
T,10340,10342,2
A,10342,10343,1
T,10343,10344,1
A,10344,10346,2
T,10346,10347,1
A,10347,10349,2
T,10349,10351,2
A,10351,10352,1
T,10352,10355,3
A,10355,10356,1
T,10356,10359,3
A,10359,10360,1
T,10360,10363,3
A,10363,10364,1
T,10364,10366,2
A,10366,10367,1
C,10367,10368,1
T,10368,10371,3
A,10371,10373,2
T,10373,10374,1
C,10374,10375,1
G,10375,10376,1
C,10376,10377,1
A,10377,10378,1
G,10378,10379,1
T,10379,10380,1
A,10380,10381,1
G,10381,10382,1
T,10382,10383,1
A,10383,10388,5
T,10388,10390,2
A,10390,10391,1
C,10391,10392,1
A,10392,10395,3
T,10395,10396,1
A,10396,10397,1
T,10397,10403,6
A,10403,10404,1
T,10404,10405,1
G,10405,10407,2
T,10407,10408,1
C,10408,10410,2
T,10410,10413,3
A,10413,10414,1
C,10414,10415,1
G,10415,10416,1
A,10416,10417,1
T,10417,10418,1
C,10418,10419,1
T,10419,10423,4
A,10423,10425,2
C,10425,10426,1
T,10426,10428,2
C,10428,10429,1
T,10429,10430,1
A,10430,10432,2
T,10432,10433,1
G,10433,10434,1
A,10434,10435,1
T,10435,10436,1
A,10436,10439,3
T,10439,10440,1
A,10440,10443,3
T,10443,10448,5
A,10448,10449,1
T,10449,10451,2
A,10451,10452,1
C,10452,10453,1
T,10453,10455,2
C,10455,10456,1
G,10456,10457,1
T,10457,10458,1
A,10458,10461,3
T,10461,10462,1
C,10462,10463,1
T,10463,10464,1
C,10464,10465,1
A,10465,10466,1
C,10466,10469,3
A,10469,10470,1
T,10470,10472,2
A,10472,10474,2
T,10474,10476,2
A,10476,10480,4
T,10480,10482,2
A,10482,10483,1
T,10483,10485,2
A,10485,10487,2
T,10487,10488,1
A,10488,10490,2
T,10490,10492,2
C,10492,10493,1
A,10493,10494,1
T,10494,10496,2
A,10496,10498,2
T,10498,10500,2
G,10500,10501,1
A,10501,10502,1
T,10502,10505,3
A,10505,10506,1
C,10506,10508,2
A,10508,10510,2
C,10510,10511,1
T,10511,10512,1
C,10512,10514,2
T,10514,10516,2
C,10516,10517,1
T,10517,10518,1
A,10518,10520,2
T,10520,10521,1
A,10521,10522,1
T,10522,10525,3
C,10525,10526,1
A,10526,10527,1
T,10527,10528,1
C,10528,10529,1
A,10529,10530,1
T,10530,10531,1
G,10531,10532,1
A,10532,10533,1
T,10533,10534,1
G,10534,10535,1
A,10535,10538,3
T,10538,10542,4
G,10542,10544,2
C,10544,10545,1
T,10545,10546,1
C,10546,10547,1
T,10547,10548,1
C,10548,10549,1
T,10549,10553,4
A,10553,10554,1
G,10554,10555,1
C,10555,10556,1
T,10556,10557,1
C,10557,10558,1
T,10558,10561,3
G,10561,10562,1
T,10562,10565,3
A,10565,10567,2
T,10567,10569,2
A,10569,10570,1
T,10570,10572,2
C,10572,10573,1
A,10573,10576,3
T,10576,10578,2
A,10578,10579,1
T,10579,10581,2
A,10581,10582,1
C,10582,10583,1
T,10583,10584,1
G,10584,10586,2
A,10586,10587,1
T,10587,10589,2
A,10589,10590,1
T,10590,10595,5
A,10595,10596,1
T,10596,10597,1
C,10597,10598,1
T,10598,10599,1
A,10599,10600,1
T,10600,10601,1
A,10601,10602,1
T,10602,10603,1
A,10603,10604,1
T,10604,10606,2
A,10606,10607,1
T,10607,10608,1
A,10608,10609,1
C,10609,10610,1
T,10610,10611,1
G,10611,10612,1
C,10612,10613,1
T,10613,10614,1
A,10614,10616,2
T,10616,10617,1
A,10617,10618,1
T,10618,10620,2
G,10620,10621,1
A,10621,10623,2
T,10623,10625,2
A,10625,10626,1
G,10626,10627,1
C,10627,10628,1
A,10628,10629,1
T,10629,10633,4
A,10633,10634,1
T,10634,10635,1
A,10635,10636,1
G,10636,10637,1
A,10637,10638,1
G,10638,10639,1
T,10639,10640,1
A,10640,10643,3
T,10643,10645,2
A,10645,10646,1
T,10646,10647,1
A,10647,10648,1
T,10648,10651,3
G,10651,10652,1
C,10652,10654,2
G,10654,10655,1
A,10655,10658,3
T,10658,10659,1
G,10659,10660,1
T,10660,10661,1
A,10661,10664,3
T,10664,10666,2
A,10666,10667,1
T,10667,10668,1
G,10668,10670,2
A,10670,10671,1
T,10671,10672,1
G,10672,10673,1
A,10673,10674,1
T,10674,10676,2
A,10676,10678,2
T,10678,10680,2
C,10680,10681,1
G,10681,10682,1
A,10682,10684,2
C,10684,10685,1
T,10685,10686,1
A,10686,10687,1
T,10687,10689,2
C,10689,10690,1
A,10690,10691,1
T,10691,10692,1
G,10692,10693,1
C,10693,10694,1
A,10694,10697,3
T,10697,10698,1
G,10698,10700,2
A,10700,10701,1
G,10701,10702,1
C,10702,10703,1
A,10703,10704,1
T,10704,10705,1
C,10705,10706,1
T,10706,10709,3
A,10709,10710,1
T,10710,10716,6
A,10716,10717,1
T,10717,10720,3
G,10720,10721,1
T,10721,10722,1
A,10722,10723,1
T,10723,10726,3
A,10726,10727,1
T,10727,10728,1
A,10728,10729,1
T,10729,10730,1
G,10730,10731,1
C,10731,10732,1
A,10732,10733,1
T,10733,10734,1
A,10734,10735,1
T,10735,10737,2
G,10737,10739,2
A,10739,10740,1
C,10740,10741,1
G,10741,10742,1
A,10742,10743,1
G,10743,10745,2
T,10745,10746,1
A,10746,10747,1
T,10747,10750,3
A,10750,10751,1
T,10751,10753,2
A,10753,10754,1
C,10754,10755,1
G,10755,10756,1
A,10756,10758,2
T,10758,10759,1
C,10759,10760,1
T,10760,10764,4
A,10764,10766,2
T,10766,10772,6
A,10772,10773,1
T,10773,10774,1
A,10774,10775,1
T,10775,10776,1
A,10776,10777,1
C,10777,10778,1
A,10778,10779,1
T,10779,10780,1
G,10780,10781,1
A,10781,10783,2
T,10783,10784,1
A,10784,10786,2
T,10786,10788,2
G,10788,10790,2
T,10790,10791,1
A,10791,10792,1
T,10792,10794,2
A,10794,10795,1
T,10795,10796,1
C,10796,10797,1
A,10797,10798,1
T,10798,10802,4
A,10802,10803,1
T,10803,10806,3
A,10806,10807,1
T,10807,10808,1
A,10808,10809,1
T,10809,10811,2
A,10811,10813,2
T,10813,10814,1
A,10814,10815,1
G,10815,10816,1
C,10816,10817,1
A,10817,10819,2
C,10819,10820,1
A,10820,10821,1
G,10821,10822,1
C,10822,10823,1
A,10823,10824,1
T,10824,10827,3
A,10827,10828,1
T,10828,10829,1
A,10829,10830,1
G,10830,10832,2
T,10832,10834,2
A,10834,10835,1
T,10835,10836,1
G,10836,10837,1
T,10837,10839,2
C,10839,10840,1
T,10840,10842,2
C,10842,10844,2
T,10844,10846,2
G,10846,10847,1
A,10847,10848,1
G,10848,10850,2
T,10850,10851,1
C,10851,10852,1
A,10852,10855,3
T,10855,10856,1
A,10856,10857,1
T,10857,10858,1
C,10858,10859,1
T,10859,10864,5
G,10864,10865,1
A,10865,10866,1
G,10866,10868,2
A,10868,10869,1
G,10869,10870,1
C,10870,10871,1
A,10871,10873,2
C,10873,10874,1
A,10874,10875,1
G,10875,10876,1
T,10876,10878,2
A,10878,10879,1
T,10879,10881,2
A,10881,10882,1
C,10882,10883,1
T,10883,10884,1
A,10884,10886,2
T,10886,10887,1
C,10887,10888,1
T,10888,10890,2
C,10890,10891,1
T,10891,10894,3
C,10894,10895,1
T,10895,10896,1
G,10896,10897,1
C,10897,10899,2
A,10899,10900,1
T,10900,10902,2
C,10902,10904,2
T,10904,10906,2
A,10906,10907,1
T,10907,10908,1
C,10908,10909,1
T,10909,10910,1
A,10910,10911,1
G,10911,10913,2
A,10913,10915,2
C,10915,10916,1
T,10916,10918,2
C,10918,10919,1
A,10919,10920,1
T,10920,10922,2
A,10922,10923,1
G,10923,10924,1
T,10924,10925,1
A,10925,10928,3
T,10928,10930,2
G,10930,10931,1
A,10931,10933,2
T,10933,10936,3
G,10936,10937,1
A,10937,10938,1
G,10938,10940,2
A,10940,10942,2
G,10942,10943,1
A,10943,10944,1
T,10944,10947,3
G,10947,10948,1
C,10948,10949,1
T,10949,10950,1
A,10950,10951,1
T,10951,10953,2
G,10953,10954,1
A,10954,10955,1
C,10955,10956,1
A,10956,10958,2
T,10958,10959,1
G,10959,10960,1
C,10960,10961,1
T,10961,10962,1
A,10962,10963,1
C,10963,10964,1
T,10964,10967,3
A,10967,10969,2
C,10969,10970,1
A,10970,10971,1
C,10971,10972,1
G,10972,10973,1
A,10973,10974,1
T,10974,10978,4
A,10978,10979,1
T,10979,10981,2
C,10981,10982,1
A,10982,10983,1
T,10983,10985,2
A,10985,10986,1
C,10986,10987,1
A,10987,10988,1
T,10988,10992,4
C,10992,10993,1
T,10993,10997,4
A,10997,10998,1
C,10998,11000,2
A,11000,11001,1
T,11001,11004,3
A,11004,11005,1
T,11005,11007,2
A,11007,11008,1
T,11008,11012,4
A,11012,11014,2
T,11014,11015,1
A,11015,11016,1
T,11016,11018,2
A,11018,11020,2
C,11020,11021,1
A,11021,11023,2
T,11023,11024,1
A,11024,11026,2
T,11026,11028,2
C,11028,11029,1
A,11029,11030,1
T,11030,11031,1
C,11031,11032,1
T,11032,11036,4
A,11036,11037,1
T,11037,11040,3
C,11040,11041,1
T,11041,11043,2
C,11043,11044,1
A,11044,11045,1
T,11045,11046,1
C,11046,11047,1
A,11047,11050,3
C,11050,11051,1
A,11051,11052,1
G,11052,11054,2
A,11054,11055,1
T,11055,11056,1
C,11056,11057,1
T,11057,11058,1
A,11058,11060,2
T,11060,11061,1
A,11061,11063,2
T,11063,11064,1
C,11064,11066,2
T,11066,11069,3
A,11069,11070,1
G,11070,11072,2
A,11072,11074,2
T,11074,11076,2
A,11076,11078,2
T,11078,11079,1
A,11079,11080,1
G,11080,11081,1
A,11081,11084,3
T,11084,11086,2
A,11086,11087,1
T,11087,11088,1
G,11088,11089,1
A,11089,11090,1
T,11090,11091,1
A,11091,11095,4
T,11095,11097,2
C,11097,11099,2
T,11099,11103,4
C,11103,11104,1
A,11104,11105,1
T,11105,11106,1
C,11106,11108,2
A,11108,11109,1
T,11109,11110,1
A,11110,11111,1
T,11111,11115,4
A,11115,11116,1
C,11116,11117,1
T,11117,11121,4
A,11121,11124,3
G,11124,11125,1
A,11125,11126,1
T,11126,11129,3
A,11129,11131,2
T,11131,11133,2
G,11133,11135,2
A,11135,11136,1
T,11136,11139,3
A,11139,11140,1
T,11140,11142,2
A,11142,11143,1
T,11143,11144,1
A,11144,11145,1
T,11145,11147,2
A,11147,11149,2
T,11149,11156,7
A,11156,11157,1
C,11157,11158,1
T,11158,11161,3
G,11161,11162,1
T,11162,11163,1
A,11163,11164,1
T,11164,11168,4
A,11168,11169,1
G,11169,11170,1
T,11170,11171,1
A,11171,11172,1
C,11172,11173,1
T,11173,11176,3
C,11176,11177,1
T,11177,11178,1
A,11178,11180,2
T,11180,11181,1
C,11181,11183,2
T,11183,11185,2
A,11185,11186,1
T,11186,11187,1
C,11187,11188,1
T,11188,11192,4
A,11192,11193,1
G,11193,11195,2
A,11195,11196,1
G,11196,11197,1
A,11197,11198,1
C,11198,11201,3
A,11201,11202,1
G,11202,11203,1
A,11203,11204,1
T,11204,11205,1
A,11205,11207,2
T,11207,11210,3
C,11210,11211,1
A,11211,11212,1
T,11212,11214,2
C,11214,11216,2
A,11216,11217,1
G,11217,11218,1
C,11218,11219,1
T,11219,11220,1
A,11220,11222,2
T,11222,11223,1
C,11223,11225,2
T,11225,11228,3
A,11228,11229,1
G,11229,11230,1
T,11230,11232,2
A,11232,11233,1
C,11233,11237,4
T,11237,11238,1
A,11238,11239,1
T,11239,11241,2
C,11241,11242,1
A,11242,11243,1
T,11243,11244,1
A,11244,11245,1
T,11245,11247,2
C,11247,11248,1
A,11248,11250,2
C,11250,11252,2
A,11252,11253,1
G,11253,11254,1
A,11254,11256,2
T,11256,11257,1
G,11257,11258,1
A,11258,11259,1
T,11259,11260,1
A,11260,11261,1
T,11261,11267,6
A,11267,11268,1
T,11268,11271,3
G,11271,11272,1
C,11272,11273,1
T,11273,11275,2
A,11275,11276,1
T,11276,11277,1
G,11277,11278,1
C,11278,11279,1
T,11279,11280,1
A,11280,11281,1
T,11281,11283,2
C,11283,11284,1
T,11284,11286,2
C,11286,11287,1
G,11287,11288,1
T,11288,11290,2
C,11290,11291,1
T,11291,11292,1
A,11292,11293,1
T,11293,11294,1
C,11294,11297,3
T,11297,11298,1
A,11298,11300,2
T,11300,11301,1
A,11301,11304,3
T,11304,11306,2
A,11306,11307,1
G,11307,11309,2
A,11309,11310,1
G,11310,11312,2
T,11312,11313,1
G,11313,11314,1
T,11314,11315,1
A,11315,11317,2
T,11317,11319,2
G,11319,11320,1
C,11320,11321,1
T,11321,11324,3
A,11324,11326,2
T,11326,11328,2
A,11328,11329,1
T,11329,11330,1
G,11330,11331,1
T,11331,11332,1
C,11332,11333,1
T,11333,11334,1
A,11334,11335,1
T,11335,11337,2
C,11337,11338,1
T,11338,11340,2
A,11340,11341,1
T,11341,11345,4
A,11345,11346,1
T,11346,11347,1
C,11347,11348,1
T,11348,11349,1
A,11349,11350,1
T,11350,11354,4
A,11354,11355,1
C,11355,11357,2
T,11357,11361,4
A,11361,11362,1
C,11362,11363,1
T,11363,11367,4
A,11367,11368,1
T,11368,11369,1
A,11369,11377,8
T,11377,11379,2
C,11379,11380,1
A,11380,11382,2
G,11382,11384,2
T,11384,11387,3
A,11387,11388,1
C,11388,11389,1
A,11389,11391,2
T,11391,11395,4
A,11395,11396,1
T,11396,11397,1
C,11397,11399,2
T,11399,11402,3
A,11402,11405,3
T,11405,11406,1
C,11406,11407,1
A,11407,11410,3
T,11410,11414,4
A,11414,11415,1
T,11415,11419,4
G,11419,11420,1
A,11420,11422,2
T,11422,11424,2
A,11424,11425,1
T,11425,11426,1
A,11426,11428,2
T,11428,11430,2
G,11430,11431,1
T,11431,11432,1
A,11432,11434,2
C,11434,11435,1
A,11435,11437,2
T,11437,11440,3
G,11440,11441,1
T,11441,11442,1
C,11442,11443,1
T,11443,11447,4
A,11447,11449,2
C,11449,11450,1
T,11450,11452,2
G,11452,11453,1
A,11453,11455,2
T,11455,11457,2
G,11457,11459,2
T,11459,11460,1
G,11460,11461,1
C,11461,11462,1
T,11462,11463,1
C,11463,11464,1
G,11464,11465,1
A,11465,11466,1
C,11466,11468,2
A,11468,11469,1
G,11469,11470,1
T,11470,11471,1
A,11471,11472,1
G,11472,11473,1
A,11473,11475,2
G,11475,11476,1
A,11476,11478,2
C,11478,11480,2
T,11480,11482,2
A,11482,11483,1
T,11483,11484,1
A,11484,11485,1
T,11485,11489,4
A,11489,11491,2
C,11491,11492,1
T,11492,11493,1
G,11493,11495,2
T,11495,11496,1
C,11496,11497,1
A,11497,11500,3
T,11500,11502,2
C,11502,11503,1
T,11503,11506,3
C,11506,11507,1
T,11507,11508,1
A,11508,11509,1
T,11509,11511,2
A,11511,11512,1
T,11512,11515,3
A,11515,11516,1
T,11516,11521,5
C,11521,11522,1
T,11522,11524,2
A,11524,11525,1
T,11525,11527,2
A,11527,11528,1
T,11528,11529,1
A,11529,11530,1
T,11530,11532,2
A,11532,11533,1
T,11533,11535,2
A,11535,11537,2
T,11537,11538,1
C,11538,11540,2
T,11540,11543,3
A,11543,11544,1
G,11544,11545,1
T,11545,11546,1
A,11546,11548,2
G,11548,11549,1
A,11549,11553,4
T,11553,11554,1
A,11554,11555,1
T,11555,11557,2
G,11557,11558,1
A,11558,11559,1
G,11559,11560,1
A,11560,11561,1
T,11561,11562,1
A,11562,11564,2
T,11564,11567,3
A,11567,11569,2
T,11569,11574,5
A,11574,11576,2
T,11576,11578,2
A,11578,11580,2
T,11580,11581,1
A,11581,11582,1
T,11582,11584,2
A,11584,11586,2
T,11586,11587,1
A,11587,11589,2
T,11589,11590,1
A,11590,11591,1
T,11591,11592,1
A,11592,11594,2
T,11594,11596,2
A,11596,11598,2
T,11598,11599,1
G,11599,11600,1
A,11600,11601,1
G,11601,11602,1
C,11602,11603,1
T,11603,11605,2
G,11605,11606,1
T,11606,11608,2
A,11608,11611,3
G,11611,11612,1
C,11612,11613,1
A,11613,11614,1
T,11614,11617,3
G,11617,11618,1
T,11618,11622,4
G,11622,11623,1
A,11623,11627,4
C,11627,11628,1
T,11628,11630,2
A,11630,11632,2
G,11632,11633,1
A,11633,11636,3
G,11636,11637,1
A,11637,11639,2
T,11639,11640,1
A,11640,11642,2
T,11642,11644,2
A,11644,11645,1
T,11645,11647,2
C,11647,11648,1
T,11648,11649,1
A,11649,11650,1
T,11650,11652,2
A,11652,11654,2
T,11654,11657,3
A,11657,11658,1
T,11658,11659,1
A,11659,11660,1
C,11660,11661,1
T,11661,11662,1
A,11662,11667,5
T,11667,11668,1
A,11668,11669,1
T,11669,11671,2
A,11671,11672,1
T,11672,11675,3
A,11675,11676,1
T,11676,11677,1
A,11677,11678,1
T,11678,11680,2
A,11680,11687,7
T,11687,11692,5
A,11692,11694,2
T,11694,11695,1
C,11695,11697,2
A,11697,11699,2
T,11699,11700,1
A,11700,11706,6
T,11706,11707,1
A,11707,11709,2
T,11709,11710,1
A,11710,11716,6
T,11716,11719,3
A,11719,11722,3
G,11722,11723,1
A,11723,11724,1
T,11724,11725,1
A,11725,11726,1
C,11726,11727,1
A,11727,11728,1
G,11728,11730,2
T,11730,11731,1
A,11731,11734,3
T,11734,11735,1
A,11735,11736,1
T,11736,11737,1
C,11737,11738,1
T,11738,11743,5
C,11743,11744,1
A,11744,11746,2
G,11746,11747,1
A,11747,11748,1
T,11748,11749,1
A,11749,11752,3
T,11752,11753,1
A,11753,11754,1
T,11754,11755,1
A,11755,11756,1
T,11756,11758,2
A,11758,11760,2
T,11760,11763,3
A,11763,11764,1
T,11764,11765,1
C,11765,11766,1
A,11766,11767,1
T,11767,11768,1
A,11768,11769,1
T,11769,11770,1
C,11770,11771,1
G,11771,11772,1
A,11772,11773,1
T,11773,11774,1
A,11774,11776,2
C,11776,11777,1
G,11777,11778,1
T,11778,11779,1
G,11779,11781,2
A,11781,11783,2
G,11783,11784,1
A,11784,11785,1
G,11785,11786,1
T,11786,11787,1
A,11787,11788,1
C,11788,11790,2
A,11790,11791,1
C,11791,11792,1
G,11792,11793,1
A,11793,11795,2
T,11795,11797,2
C,11797,11798,1
A,11798,11801,3
T,11801,11802,1
A,11802,11807,5
T,11807,11808,1
A,11808,11812,4
G,11812,11813,1
A,11813,11816,3
T,11816,11817,1
A,11817,11820,3
C,11820,11821,1
A,11821,11822,1
C,11822,11823,1
T,11823,11824,1
A,11824,11826,2
T,11826,11829,3
C,11829,11830,1
A,11830,11833,3
T,11833,11834,1
A,11834,11841,7
T,11841,11842,1
A,11842,11844,2
T,11844,11845,1
C,11845,11846,1
T,11846,11848,2
A,11848,11850,2
T,11850,11853,3
A,11853,11854,1
T,11854,11855,1
A,11855,11856,1
C,11856,11859,3
T,11859,11860,1
C,11860,11862,2
T,11862,11863,1
A,11863,11864,1
T,11864,11865,1
A,11865,11866,1
T,11866,11867,1
A,11867,11870,3
T,11870,11872,2
A,11872,11876,4
C,11876,11877,1
A,11877,11878,1
G,11878,11879,1
T,11879,11881,2
A,11881,11882,1
C,11882,11883,1
T,11883,11884,1
A,11884,11885,1
T,11885,11887,2
C,11887,11888,1
T,11888,11890,2
A,11890,11891,1
T,11891,11892,1
A,11892,11895,3
T,11895,11896,1
A,11896,11900,4
T,11900,11902,2
C,11902,11903,1
T,11903,11905,2
G,11905,11906,1
A,11906,11908,2
T,11908,11909,1
A,11909,11910,1
C,11910,11911,1
T,11911,11912,1
C,11912,11913,1
A,11913,11914,1
G,11914,11915,1
C,11915,11916,1
T,11916,11917,1
A,11917,11924,7
T,11924,11926,2
A,11926,11929,3
G,11929,11930,1
C,11930,11931,1
A,11931,11934,3
T,11934,11935,1
C,11935,11937,2
T,11937,11938,1
C,11938,11940,2
T,11940,11941,1
C,11941,11942,1
T,11942,11944,2
C,11944,11945,1
T,11945,11946,1
A,11946,11947,1
T,11947,11948,1
A,11948,11949,1
T,11949,11951,2
C,11951,11953,2
A,11953,11956,3
T,11956,11958,2
A,11958,11961,3
C,11961,11964,3
A,11964,11965,1
G,11965,11966,1
A,11966,11967,1
T,11967,11968,1
A,11968,11969,1
C,11969,11970,1
T,11970,11971,1
A,11971,11973,2
C,11973,11974,1
T,11974,11975,1
C,11975,11976,1
T,11976,11977,1
C,11977,11978,1
T,11978,11981,3
C,11981,11982,1
T,11982,11983,1
C,11983,11985,2
T,11985,11987,2
C,11987,11988,1
A,11988,11989,1
G,11989,11990,1
C,11990,11991,1
A,11991,11995,4
T,11995,11996,1
C,11996,11997,1
A,11997,12001,4
G,12001,12003,2
T,12003,12004,1
G,12004,12005,1
T,12005,12006,1
A,12006,12007,1
C,12007,12008,1
G,12008,12009,1
A,12009,12010,1
T,12010,12012,2
A,12012,12013,1
G,12013,12014,1
T,12014,12017,3
C,12017,12018,1
T,12018,12019,1
G,12019,12020,1
C,12020,12021,1
T,12021,12022,1
A,12022,12026,4
T,12026,12027,1
C,12027,12028,1
G,12028,12029,1
A,12029,12030,1
T,12030,12031,1
G,12031,12032,1
A,12032,12033,1
T,12033,12034,1
A,12034,12036,2
C,12036,12038,2
A,12038,12040,2
C,12040,12041,1
A,12041,12042,1
T,12042,12043,1
A,12043,12045,2
T,12045,12046,1
A,12046,12047,1
T,12047,12049,2
A,12049,12052,3
G,12052,12054,2
A,12054,12056,2
T,12056,12058,2
A,12058,12059,1
T,12059,12060,1
A,12060,12062,2
G,12062,12063,1
A,12063,12068,5
T,12068,12069,1
A,12069,12072,3
T,12072,12073,1
C,12073,12074,1
A,12074,12075,1
T,12075,12076,1
A,12076,12077,1
C,12077,12078,1
T,12078,12079,1
A,12079,12081,2
T,12081,12083,2
C,12083,12084,1
T,12084,12086,2
G,12086,12087,1
A,12087,12088,1
T,12088,12089,1
A,12089,12091,2
T,12091,12092,1
A,12092,12094,2
G,12094,12095,1
A,12095,12099,4
T,12099,12102,3
A,12102,12104,2
T,12104,12106,2
A,12106,12109,3
T,12109,12111,2
A,12111,12115,4
T,12115,12116,1
C,12116,12118,2
A,12118,12119,1
T,12119,12120,1
A,12120,12122,2
T,12122,12124,2
A,12124,12125,1
T,12125,12127,2
G,12127,12128,1
T,12128,12129,1
A,12129,12131,2
C,12131,12132,1
T,12132,12133,1
C,12133,12134,1
T,12134,12136,2
G,12136,12137,1
A,12137,12138,1
T,12138,12139,1
A,12139,12141,2
T,12141,12142,1
A,12142,12146,4
T,12146,12148,2
A,12148,12151,3
G,12151,12152,1
C,12152,12154,2
A,12154,12156,2
T,12156,12157,1
C,12157,12158,1
T,12158,12159,1
A,12159,12161,2
C,12161,12162,1
T,12162,12164,2
C,12164,12165,1
A,12165,12166,1
T,12166,12167,1
A,12167,12169,2
G,12169,12170,1
A,12170,12173,3
T,12173,12175,2
G,12175,12176,1
T,12176,12179,3
G,12179,12180,1
T,12180,12181,1
G,12181,12182,1
C,12182,12183,1
T,12183,12184,1
A,12184,12185,1
C,12185,12186,1
A,12186,12187,1
G,12187,12188,1
C,12188,12189,1
T,12189,12190,1
C,12190,12191,1
G,12191,12192,1
T,12192,12193,1
A,12193,12196,3
C,12196,12198,2
T,12198,12199,1
C,12199,12201,2
T,12201,12202,1
A,12202,12204,2
T,12204,12205,1
A,12205,12207,2
T,12207,12208,1
G,12208,12209,1
T,12209,12210,1
A,12210,12211,1
T,12211,12212,1
A,12212,12214,2
T,12214,12216,2
A,12216,12217,1
G,12217,12218,1
A,12218,12220,2
T,12220,12223,3
G,12223,12224,1
A,12224,12225,1
C,12225,12226,1
G,12226,12227,1
A,12227,12228,1
T,12228,12229,1
C,12229,12230,1
A,12230,12232,2
C,12232,12234,2
T,12234,12235,1
G,12235,12236,1
C,12236,12237,1
A,12237,12239,2
T,12239,12241,2
A,12241,12242,1
T,12242,12243,1
A,12243,12245,2
T,12245,12246,1
A,12246,12247,1
G,12247,12248,1
T,12248,12249,1
A,12249,12250,1
T,12250,12251,1
A,12251,12252,1
T,12252,12253,1
A,12253,12254,1
C,12254,12255,1
T,12255,12256,1
C,12256,12259,3
A,12259,12261,2
T,12261,12262,1
C,12262,12263,1
T,12263,12265,2
A,12265,12268,3
C,12268,12269,1
A,12269,12271,2
C,12271,12272,1
A,12272,12273,1
T,12273,12274,1
A,12274,12280,6
T,12280,12281,1
A,12281,12282,1
T,12282,12283,1
A,12283,12285,2
T,12285,12286,1
A,12286,12288,2
T,12288,12289,1
C,12289,12291,2
T,12291,12292,1
A,12292,12295,3
T,12295,12297,2
A,12297,12300,3
T,12300,12301,1
C,12301,12302,1
T,12302,12303,1
A,12303,12305,2
T,12305,12307,2
A,12307,12310,3
T,12310,12312,2
A,12312,12316,4
T,12316,12317,1
A,12317,12319,2
T,12319,12320,1
A,12320,12322,2
G,12322,12324,2
T,12324,12325,1
A,12325,12326,1
T,12326,12328,2
A,12328,12330,2
T,12330,12331,1
A,12331,12332,1
T,12332,12334,2
C,12334,12335,1
A,12335,12338,3
T,12338,12340,2
A,12340,12341,1
T,12341,12343,2
A,12343,12346,3
G,12346,12347,1
A,12347,12348,1
T,12348,12349,1
A,12349,12350,1
T,12350,12351,1
A,12351,12353,2
T,12353,12354,1
A,12354,12357,3
T,12357,12358,1
C,12358,12359,1
T,12359,12361,2
A,12361,12362,1
T,12362,12364,2
A,12364,12365,1
C,12365,12367,2
G,12367,12369,2
A,12369,12370,1
G,12370,12371,1
A,12371,12376,5
T,12376,12377,1
A,12377,12379,2
T,12379,12380,1
A,12380,12383,3
T,12383,12385,2
A,12385,12386,1
T,12386,12387,1
A,12387,12388,1
T,12388,12389,1
A,12389,12391,2
T,12391,12394,3
G,12394,12395,1
A,12395,12397,2
T,12397,12398,1
A,12398,12400,2
T,12400,12403,3
G,12403,12405,2
A,12405,12410,5
T,12410,12413,3
G,12413,12414,1
T,12414,12416,2
C,12416,12417,1
T,12417,12420,3
A,12420,12421,1
G,12421,12422,1
T,12422,12423,1
A,12423,12426,3
T,12426,12427,1
A,12427,12429,2
T,12429,12432,3
A,12432,12434,2
T,12434,12435,1
A,12435,12436,1
G,12436,12437,1
C,12437,12438,1
A,12438,12439,1
T,12439,12440,1
C,12440,12441,1
A,12441,12442,1
G,12442,12443,1
C,12443,12444,1
A,12444,12448,4
G,12448,12450,2
C,12450,12451,1
T,12451,12452,1
G,12452,12453,1
C,12453,12454,1
A,12454,12458,4
T,12458,12460,2
C,12460,12462,2
T,12462,12463,1
A,12463,12469,6
C,12469,12471,2
T,12471,12472,1
A,12472,12473,1
C,12473,12474,1
T,12474,12477,3
A,12477,12478,1
T,12478,12480,2
A,12480,12481,1
G,12481,12483,2
T,12483,12484,1
C,12484,12486,2
T,12486,12490,4
C,12490,12491,1
G,12491,12492,1
A,12492,12494,2
T,12494,12495,1
C,12495,12496,1
T,12496,12497,1
G,12497,12498,1
A,12498,12500,2
T,12500,12501,1
A,12501,12502,1
T,12502,12503,1
A,12503,12505,2
C,12505,12507,2
T,12507,12508,1
A,12508,12512,4
C,12512,12513,1
T,12513,12516,3
C,12516,12518,2
G,12518,12519,1
T,12519,12521,2
C,12521,12523,2
A,12523,12525,2
T,12525,12526,1
A,12526,12529,3
G,12529,12530,1
T,12530,12532,2
A,12532,12537,5
T,12537,12538,1
G,12538,12539,1
C,12539,12540,1
T,12540,12541,1
A,12541,12542,1
C,12542,12543,1
T,12543,12544,1
C,12544,12546,2
T,12546,12547,1
A,12547,12548,1
C,12548,12549,1
T,12549,12550,1
A,12550,12552,2
T,12552,12553,1
A,12553,12554,1
C,12554,12555,1
A,12555,12556,1
C,12556,12558,2
A,12558,12560,2
T,12560,12561,1
A,12561,12563,2
T,12563,12565,2
A,12565,12566,1
T,12566,12567,1
A,12567,12569,2
T,12569,12571,2
A,12571,12572,1
T,12572,12574,2
A,12574,12575,1
T,12575,12577,2
C,12577,12578,1
T,12578,12579,1
A,12579,12588,9
T,12588,12589,1
A,12589,12590,1
T,12590,12591,1
A,12591,12593,2
T,12593,12594,1
A,12594,12596,2
T,12596,12597,1
A,12597,12598,1
T,12598,12599,1
C,12599,12600,1
A,12600,12602,2
T,12602,12604,2
A,12604,12605,1
T,12605,12607,2
A,12607,12608,1
T,12608,12609,1
C,12609,12610,1
A,12610,12611,1
T,12611,12613,2
A,12613,12614,1
C,12614,12615,1
T,12615,12616,1
A,12616,12617,1
T,12617,12618,1
A,12618,12619,1
T,12619,12620,1
A,12620,12621,1
T,12621,12622,1
A,12622,12623,1
T,12623,12624,1
A,12624,12625,1
T,12625,12627,2
A,12627,12628,1
T,12628,12629,1
A,12629,12631,2
C,12631,12633,2
A,12633,12634,1
T,12634,12635,1
A,12635,12636,1
T,12636,12637,1
A,12637,12638,1
T,12638,12639,1
A,12639,12640,1
T,12640,12643,3
A,12643,12644,1
T,12644,12645,1
G,12645,12646,1
A,12646,12647,1
C,12647,12648,1
T,12648,12650,2
C,12650,12651,1
T,12651,12652,1
A,12652,12656,4
T,12656,12657,1
C,12657,12658,1
A,12658,12659,1
T,12659,12661,2
A,12661,12662,1
C,12662,12663,1
A,12663,12664,1
T,12664,12670,6
C,12670,12671,1
T,12671,12672,1
G,12672,12673,1
T,12673,12674,1
C,12674,12675,1
A,12675,12679,4
T,12679,12680,1
A,12680,12681,1
G,12681,12682,1
T,12682,12684,2
A,12684,12685,1
T,12685,12686,1
A,12686,12688,2
T,12688,12689,1
C,12689,12690,1
A,12690,12691,1
T,12691,12692,1
A,12692,12693,1
G,12693,12694,1
T,12694,12696,2
A,12696,12698,2
T,12698,12699,1
A,12699,12701,2
T,12701,12702,1
A,12702,12703,1
T,12703,12705,2
C,12705,12706,1
A,12706,12707,1
T,12707,12713,6
A,12713,12714,1
T,12714,12715,1
A,12715,12719,4
T,12719,12721,2
A,12721,12722,1
T,12722,12726,4
C,12726,12727,1
A,12727,12729,2
T,12729,12730,1
A,12730,12731,1
T,12731,12734,3
A,12734,12735,1
T,12735,12737,2
C,12737,12739,2
T,12739,12742,3
C,12742,12743,1
G,12743,12744,1
T,12744,12745,1
A,12745,12746,1
C,12746,12747,1
T,12747,12748,1
A,12748,12752,4
T,12752,12753,1
A,12753,12754,1
T,12754,12756,2
A,12756,12757,1
T,12757,12762,5
A,12762,12764,2
T,12764,12766,2
A,12766,12769,3
G,12769,12770,1
A,12770,12771,1
T,12771,12772,1
A,12772,12773,1
G,12773,12774,1
A,12774,12777,3
C,12777,12779,2
A,12779,12781,2
C,12781,12783,2
T,12783,12784,1
G,12784,12786,2
C,12786,12787,1
T,12787,12789,2
A,12789,12790,1
C,12790,12791,1
A,12791,12792,1
C,12792,12794,2
G,12794,12796,2
T,12796,12799,3
G,12799,12800,1
A,12800,12802,2
C,12802,12803,1
T,12803,12804,1
C,12804,12805,1
A,12805,12806,1
G,12806,12807,1
A,12807,12808,1
T,12808,12809,1
C,12809,12810,1
A,12810,12811,1
T,12811,12812,1
G,12812,12813,1
T,12813,12814,1
A,12814,12816,2
G,12816,12817,1
A,12817,12818,1
T,12818,12822,4
A,12822,12824,2
T,12824,12825,1
G,12825,12826,1
A,12826,12827,1
T,12827,12828,1
C,12828,12829,1
G,12829,12830,1
A,12830,12832,2
C,12832,12833,1
A,12833,12834,1
G,12834,12835,1
A,12835,12836,1
T,12836,12837,1
C,12837,12838,1
A,12838,12843,5
T,12843,12847,4
A,12847,12850,3
C,12850,12851,1
T,12851,12855,4
G,12855,12856,1
C,12856,12857,1
A,12857,12858,1
T,12858,12861,3
A,12861,12864,3
T,12864,12868,4
A,12868,12869,1
T,12869,12870,1
C,12870,12871,1
T,12871,12873,2
A,12873,12875,2
T,12875,12876,1
C,12876,12878,2
A,12878,12880,2
C,12880,12881,1
A,12881,12882,1
T,12882,12883,1
C,12883,12884,1
G,12884,12885,1
A,12885,12886,1
G,12886,12888,2
T,12888,12889,1
C,12889,12890,1
G,12890,12891,1
C,12891,12892,1
A,12892,12895,3
C,12895,12896,1
T,12896,12906,10
A,12906,12907,1
T,12907,12910,3
G,12910,12911,1
A,12911,12912,1
T,12912,12913,1
C,12913,12914,1
T,12914,12915,1
A,12915,12926,11
T,12926,12928,2
A,12928,12929,1
C,12929,12930,1
G,12930,12931,1
C,12931,12932,1
T,12932,12933,1
G,12933,12934,1
T,12934,12936,2
A,12936,12937,1
T,12937,12938,1
C,12938,12941,3
T,12941,12942,1
A,12942,12944,2
G,12944,12946,2
T,12946,12947,1
A,12947,12949,2
T,12949,12955,6
C,12955,12956,1
T,12956,12960,4
A,12960,12962,2
T,12962,12963,1
C,12963,12964,1
A,12964,12965,1
C,12965,12966,1
T,12966,12967,1
A,12967,12972,5
T,12972,12973,1
G,12973,12975,2
A,12975,12976,1
T,12976,12977,1
C,12977,12978,1
A,12978,12979,1
T,12979,12980,1
A,12980,12984,4
T,12984,12985,1
C,12985,12986,1
A,12986,12987,1
T,12987,12988,1
A,12988,12991,3
T,12991,12993,2
A,12993,12995,2
T,12995,12996,1
G,12996,12997,1
T,12997,12998,1
A,12998,13001,3
T,13001,13007,6
A,13007,13014,7
G,13014,13015,1
T,13015,13017,2
A,13017,13019,2
T,13019,13022,3
A,13022,13024,2
T,13024,13031,7
G,13031,13032,1
T,13032,13033,1
C,13033,13034,1
A,13034,13035,1
C,13035,13039,4
A,13039,13041,2
C,13041,13042,1
A,13042,13046,4
T,13046,13047,1
A,13047,13049,2
T,13049,13051,2
A,13051,13052,1
T,13052,13053,1
A,13053,13054,1
T,13054,13056,2
A,13056,13058,2
T,13058,13062,4
A,13062,13064,2
T,13064,13066,2
A,13066,13072,6
T,13072,13075,3
A,13075,13076,1
T,13076,13077,1
A,13077,13078,1
T,13078,13082,4
A,13082,13083,1
T,13083,13085,2
A,13085,13086,1
T,13086,13087,1
A,13087,13089,2
T,13089,13091,2
A,13091,13093,2
T,13093,13094,1
A,13094,13095,1
T,13095,13096,1
A,13096,13098,2
T,13098,13100,2
A,13100,13101,1
T,13101,13102,1
A,13102,13106,4
C,13106,13107,1
T,13107,13108,1
C,13108,13109,1
T,13109,13110,1
A,13110,13111,1
T,13111,13112,1
A,13112,13113,1
G,13113,13116,3
T,13116,13117,1
C,13117,13118,1
T,13118,13120,2
C,13120,13121,1
T,13121,13122,1
C,13122,13123,1
G,13123,13124,1
T,13124,13125,1
C,13125,13126,1
T,13126,13130,4
A,13130,13133,3
C,13133,13134,1
T,13134,13136,2
A,13136,13137,1
T,13137,13141,4
A,13141,13142,1
G,13142,13143,1
C,13143,13144,1
T,13144,13149,5
A,13149,13151,2
C,13151,13152,1
T,13152,13153,1
A,13153,13159,6
T,13159,13161,2
A,13161,13164,3
T,13164,13168,4
A,13168,13169,1
T,13169,13170,1
A,13170,13173,3
T,13173,13175,2
A,13175,13178,3
T,13178,13180,2
G,13180,13181,1
A,13181,13182,1
G,13182,13183,1
A,13183,13184,1
C,13184,13185,1
A,13185,13186,1
G,13186,13187,1
T,13187,13189,2
C,13189,13190,1
A,13190,13191,1
T,13191,13192,1
A,13192,13193,1
T,13193,13196,3
C,13196,13197,1
A,13197,13198,1
T,13198,13200,2
C,13200,13201,1
A,13201,13203,2
T,13203,13204,1
C,13204,13205,1
T,13205,13208,3
C,13208,13209,1
A,13209,13210,1
T,13210,13211,1
A,13211,13212,1
C,13212,13213,1
A,13213,13215,2
G,13215,13216,1
T,13216,13217,1
C,13217,13218,1
A,13218,13219,1
C,13219,13221,2
A,13221,13223,2
T,13223,13225,2
A,13225,13227,2
G,13227,13228,1
A,13228,13229,1
G,13229,13230,1
A,13230,13231,1
C,13231,13232,1
A,13232,13235,3
T,13235,13236,1
G,13236,13237,1
A,13237,13238,1
T,13238,13240,2
A,13240,13241,1
T,13241,13242,1
G,13242,13243,1
C,13243,13244,1
T,13244,13245,1
A,13245,13246,1
C,13246,13248,2
T,13248,13251,3
G,13251,13252,1
T,13252,13253,1
A,13253,13254,1
C,13254,13255,1
A,13255,13256,1
G,13256,13257,1
T,13257,13258,1
C,13258,13259,1
A,13259,13263,4
T,13263,13264,1
A,13264,13265,1
C,13265,13266,1
T,13266,13267,1
G,13267,13268,1
C,13268,13269,1
A,13269,13270,1
G,13270,13271,1
C,13271,13274,3
T,13274,13277,3
A,13277,13279,2
T,13279,13280,1
A,13280,13282,2
T,13282,13283,1
A,13283,13284,1
T,13284,13285,1
C,13285,13286,1
A,13286,13287,1
G,13287,13288,1
T,13288,13289,1
G,13289,13292,3
C,13292,13293,1
A,13293,13294,1
G,13294,13295,1
A,13295,13296,1
T,13296,13298,2
A,13298,13299,1
G,13299,13300,1
A,13300,13301,1
C,13301,13302,1
T,13302,13305,3
A,13305,13308,3
T,13308,13310,2
A,13310,13311,1
T,13311,13313,2
A,13313,13314,1
C,13314,13315,1
A,13315,13320,5
G,13320,13321,1
A,13321,13322,1
C,13322,13323,1
A,13323,13324,1
T,13324,13325,1
G,13325,13326,1
T,13326,13331,5
G,13331,13332,1
A,13332,13333,1
T,13333,13334,1
A,13334,13337,3
C,13337,13338,1
A,13338,13340,2
G,13340,13341,1
T,13341,13342,1
G,13342,13343,1
A,13343,13345,2
T,13345,13346,1
A,13346,13347,1
T,13347,13348,1
A,13348,13351,3
T,13351,13356,5
G,13356,13357,1
C,13357,13359,2
G,13359,13360,1
A,13360,13362,2
T,13362,13364,2
C,13364,13366,2
T,13366,13369,3
A,13369,13370,1
T,13370,13373,3
A,13373,13376,3
T,13376,13381,5
A,13381,13384,3
T,13384,13388,4
A,13388,13390,2
T,13390,13391,1
A,13391,13392,1
T,13392,13395,3
A,13395,13396,1
T,13396,13398,2
A,13398,13399,1
T,13399,13402,3
A,13402,13405,3
T,13405,13408,3
A,13408,13409,1
T,13409,13411,2
C,13411,13412,1
A,13412,13413,1
T,13413,13414,1
A,13414,13415,1
T,13415,13416,1
A,13416,13417,1
C,13417,13418,1
T,13418,13419,1
A,13419,13421,2
T,13421,13425,4
A,13425,13426,1
T,13426,13427,1
C,13427,13428,1
A,13428,13429,1
T,13429,13431,2
A,13431,13432,1
T,13432,13433,1
A,13433,13434,1
T,13434,13435,1
A,13435,13436,1
T,13436,13438,2
A,13438,13439,1
T,13439,13444,5
A,13444,13446,2
T,13446,13448,2
A,13448,13449,1
T,13449,13451,2
A,13451,13456,5
T,13456,13458,2
A,13458,13459,1
T,13459,13466,7
A,13466,13467,1
T,13467,13468,1
A,13468,13474,6
T,13474,13476,2
A,13476,13479,3
T,13479,13482,3
C,13482,13483,1
T,13483,13485,2
C,13485,13486,1
T,13486,13487,1
A,13487,13488,1
T,13488,13489,1
A,13489,13493,4
T,13493,13497,4
A,13497,13498,1
T,13498,13502,4
A,13502,13503,1
T,13503,13504,1
A,13504,13507,3
T,13507,13509,2
A,13509,13512,3
T,13512,13514,2
A,13514,13515,1
T,13515,13518,3
A,13518,13519,1
T,13519,13520,1
A,13520,13526,6
T,13526,13528,2
A,13528,13529,1
T,13529,13530,1
A,13530,13532,2
T,13532,13535,3
A,13535,13536,1
T,13536,13539,3
A,13539,13541,2
C,13541,13542,1
A,13542,13544,2
T,13544,13545,1
A,13545,13546,1
T,13546,13547,1
A,13547,13550,3
T,13550,13552,2
C,13552,13553,1
T,13553,13554,1
A,13554,13559,5
T,13559,13562,3
A,13562,13564,2
T,13564,13566,2
G,13566,13567,1
T,13567,13568,1
A,13568,13570,2
T,13570,13572,2
A,13572,13574,2
C,13574,13575,1
A,13575,13577,2
T,13577,13580,3
A,13580,13581,1
T,13581,13583,2
A,13583,13584,1
T,13584,13585,1
A,13585,13589,4
T,13589,13593,4
A,13593,13594,1
T,13594,13598,4
A,13598,13601,3
G,13601,13602,1
C,13602,13603,1
T,13603,13605,2
A,13605,13606,1
T,13606,13607,1
C,13607,13610,3
T,13610,13612,2
A,13612,13616,4
T,13616,13617,1
A,13617,13618,1
T,13618,13620,2
A,13620,13623,3
T,13623,13624,1
A,13624,13626,2
T,13626,13627,1
A,13627,13629,2
T,13629,13633,4
A,13633,13635,2
T,13635,13636,1
A,13636,13637,1
T,13637,13641,4
A,13641,13643,2
T,13643,13644,1
A,13644,13646,2
T,13646,13647,1
A,13647,13651,4
T,13651,13652,1
A,13652,13655,3
T,13655,13657,2
A,13657,13663,6
T,13663,13664,1
A,13664,13665,1
T,13665,13667,2
A,13667,13668,1
T,13668,13672,4
A,13672,13675,3
T,13675,13677,2
A,13677,13680,3
T,13680,13683,3
A,13683,13684,1
T,13684,13687,3
C,13687,13688,1
T,13688,13689,1
A,13689,13696,7
C,13696,13697,1
T,13697,13698,1
A,13698,13699,1
G,13699,13700,1
A,13700,13701,1
T,13701,13702,1
A,13702,13703,1
T,13703,13704,1
A,13704,13705,1
T,13705,13709,4
A,13709,13713,4
C,13713,13714,1
G,13714,13715,1
A,13715,13716,1
T,13716,13718,2
A,13718,13720,2
C,13720,13721,1
A,13721,13722,1
T,13722,13725,3
C,13725,13726,1
A,13726,13727,1
T,13727,13730,3
C,13730,13732,2
A,13732,13734,2
T,13734,13736,2
A,13736,13738,2
T,13738,13740,2
A,13740,13741,1
T,13741,13743,2
A,13743,13748,5
T,13748,13749,1
A,13749,13751,2
T,13751,13753,2
A,13753,13754,1
T,13754,13756,2
C,13756,13757,1
A,13757,13759,2
C,13759,13760,1
A,13760,13761,1
T,13761,13763,2
A,13763,13765,2
C,13765,13766,1
T,13766,13772,6
A,13772,13774,2
T,13774,13776,2
A,13776,13778,2
T,13778,13780,2
A,13780,13782,2
C,13782,13783,1
T,13783,13784,1
C,13784,13785,1
T,13785,13788,3
A,13788,13792,4
T,13792,13794,2
C,13794,13795,1
G,13795,13796,1
A,13796,13797,1
G,13797,13798,1
A,13798,13801,3
T,13801,13806,5
A,13806,13808,2
T,13808,13810,2
A,13810,13811,1
T,13811,13812,1
A,13812,13814,2
T,13814,13815,1
A,13815,13816,1
T,13816,13820,4
A,13820,13821,1
T,13821,13823,2
A,13823,13825,2
T,13825,13826,1
A,13826,13829,3
C,13829,13830,1
T,13830,13831,1
C,13831,13832,1
T,13832,13833,1
G,13833,13834,1
A,13834,13835,1
T,13835,13836,1
A,13836,13837,1
C,13837,13838,1
A,13838,13839,1
C,13839,13840,1
A,13840,13842,2
G,13842,13843,1
A,13843,13844,1
T,13844,13845,1
A,13845,13846,1
C,13846,13847,1
A,13847,13849,2
T,13849,13850,1
A,13850,13853,3
T,13853,13855,2
A,13855,13858,3
T,13858,13861,3
A,13861,13862,1
C,13862,13863,1
T,13863,13866,3
A,13866,13867,1
T,13867,13868,1
A,13868,13873,5
T,13873,13876,3
A,13876,13878,2
T,13878,13879,1
A,13879,13880,1
T,13880,13883,3
A,13883,13885,2
T,13885,13890,5
A,13890,13891,1
T,13891,13894,3
C,13894,13895,1
A,13895,13899,4
T,13899,13901,2
C,13901,13902,1
T,13902,13906,4
A,13906,13907,1
C,13907,13908,1
A,13908,13910,2
T,13910,13911,1
A,13911,13912,1
C,13912,13913,1
T,13913,13914,1
A,13914,13915,1
T,13915,13918,3
A,13918,13920,2
C,13920,13921,1
T,13921,13922,1
A,13922,13923,1
T,13923,13924,1
A,13924,13927,3
T,13927,13932,5
C,13932,13933,1
A,13933,13935,2
T,13935,13941,6
C,13941,13942,1
T,13942,13943,1
A,13943,13944,1
T,13944,13945,1
A,13945,13947,2
T,13947,13948,1
A,13948,13950,2
T,13950,13951,1
A,13951,13952,1
C,13952,13953,1
T,13953,13956,3
A,13956,13958,2
C,13958,13963,5
A,13963,13964,1
T,13964,13966,2
A,13966,13967,1
T,13967,13968,1
A,13968,13969,1
T,13969,13970,1
A,13970,13971,1
T,13971,13972,1
A,13972,13973,1
T,13973,13974,1
A,13974,13975,1
T,13975,13977,2
A,13977,13978,1
T,13978,13979,1
A,13979,13984,5
T,13984,13991,7
A,13991,13992,1
T,13992,13994,2
A,13994,13995,1
T,13995,13998,3
A,13998,13999,1
T,13999,14000,1
A,14000,14001,1
T,14001,14005,4
A,14005,14006,1
T,14006,14008,2
A,14008,14010,2
T,14010,14015,5
C,14015,14020,5
T,14020,14021,1
C,14021,14022,1
A,14022,14025,3
T,14025,14027,2
A,14027,14029,2
T,14029,14031,2
A,14031,14034,3
T,14034,14037,3
A,14037,14039,2
T,14039,14040,1
A,14040,14041,1
T,14041,14042,1
C,14042,14043,1
T,14043,14047,4
C,14047,14048,1
A,14048,14050,2
T,14050,14051,1
G,14051,14052,1
T,14052,14053,1
A,14053,14056,3
T,14056,14057,1
G,14057,14058,1
A,14058,14061,3
T,14061,14062,1
A,14062,14063,1
C,14063,14064,1
T,14064,14068,4
A,14068,14069,1
C,14069,14070,1
A,14070,14072,2
G,14072,14073,1
C,14073,14074,1
T,14074,14075,1
C,14075,14076,1
T,14076,14077,1
A,14077,14079,2
T,14079,14082,3
G,14082,14083,1
A,14083,14084,1
T,14084,14085,1
C,14085,14086,1
A,14086,14087,1
T,14087,14089,2
C,14089,14090,1
T,14090,14091,1
A,14091,14092,1
G,14092,14093,1
A,14093,14096,3
C,14096,14097,1
A,14097,14098,1
C,14098,14099,1
T,14099,14102,3
C,14102,14104,2
A,14104,14105,1
G,14105,14106,1
T,14106,14107,1
A,14107,14108,1
C,14108,14110,2
T,14110,14111,1
C,14111,14112,1
T,14112,14113,1
A,14113,14114,1
C,14114,14115,1
T,14115,14118,3
G,14118,14119,1
T,14119,14121,2
A,14121,14122,1
C,14122,14123,1
G,14123,14124,1
A,14124,14125,1
C,14125,14126,1
T,14126,14128,2
A,14128,14129,1
T,14129,14131,2
C,14131,14133,2
A,14133,14135,2
T,14135,14138,3
A,14138,14139,1
T,14139,14140,1
A,14140,14143,3
T,14143,14144,1
G,14144,14145,1
A,14145,14148,3
G,14148,14149,1
C,14149,14150,1
G,14150,14151,1
A,14151,14152,1
C,14152,14153,1
G,14153,14156,3
C,14156,14157,1
A,14157,14159,2
T,14159,14160,1
A,14160,14161,1
T,14161,14162,1
G,14162,14163,1
T,14163,14164,1
A,14164,14165,1
C,14165,14166,1
A,14166,14167,1
T,14167,14168,1
A,14168,14169,1
T,14169,14171,2
C,14171,14173,2
A,14173,14175,2
T,14175,14180,5
A,14180,14182,2
T,14182,14183,1
C,14183,14184,1
A,14184,14185,1
T,14185,14189,4
A,14189,14190,1
T,14190,14194,4
A,14194,14195,1
T,14195,14197,2
A,14197,14200,3
T,14200,14201,1
A,14201,14205,4
T,14205,14207,2
A,14207,14208,1
C,14208,14209,1
A,14209,14210,1
T,14210,14213,3
A,14213,14216,3
T,14216,14217,1
C,14217,14219,2
A,14219,14220,1
C,14220,14222,2
T,14222,14224,2
C,14224,14225,1
A,14225,14228,3
T,14228,14229,1
A,14229,14230,1
T,14230,14236,6
A,14236,14237,1
C,14237,14238,1
A,14238,14242,4
T,14242,14243,1
A,14243,14244,1
T,14244,14246,2
A,14246,14247,1
T,14247,14249,2
C,14249,14250,1
A,14250,14251,1
T,14251,14254,3
A,14254,14256,2
T,14256,14261,5
A,14261,14262,1
T,14262,14264,2
A,14264,14265,1
T,14265,14267,2
G,14267,14268,1
T,14268,14269,1
A,14269,14271,2
T,14271,14272,1
C,14272,14274,2
A,14274,14275,1
T,14275,14276,1
C,14276,14277,1
T,14277,14279,2
A,14279,14280,1
T,14280,14281,1
A,14281,14282,1
C,14282,14283,1
T,14283,14285,2
A,14285,14288,3
T,14288,14289,1
A,14289,14290,1
T,14290,14291,1
A,14291,14293,2
T,14293,14294,1
C,14294,14295,1
T,14295,14296,1
G,14296,14297,1
C,14297,14298,1
A,14298,14299,1
T,14299,14300,1
C,14300,14301,1
T,14301,14303,2
G,14303,14304,1
A,14304,14305,1
T,14305,14306,1
C,14306,14307,1
T,14307,14308,1
G,14308,14309,1
A,14309,14311,2
T,14311,14313,2
A,14313,14315,2
T,14315,14319,4
A,14319,14323,4
T,14323,14324,1
A,14324,14327,3
T,14327,14332,5
A,14332,14335,3
T,14335,14336,1
A,14336,14337,1
T,14337,14339,2
A,14339,14340,1
T,14340,14345,5
A,14345,14346,1
T,14346,14348,2
A,14348,14354,6
T,14354,14355,1
A,14355,14356,1
T,14356,14364,8
A,14364,14365,1
C,14365,14366,1
A,14366,14368,2
C,14368,14369,1
G,14369,14370,1
A,14370,14371,1
T,14371,14372,1
A,14372,14373,1
T,14373,14374,1
A,14374,14375,1
C,14375,14376,1
A,14376,14380,4
T,14380,14381,1
A,14381,14382,1
T,14382,14383,1
A,14383,14385,2
T,14385,14386,1
A,14386,14388,2
T,14388,14390,2
A,14390,14392,2
G,14392,14393,1
T,14393,14394,1
A,14394,14397,3
T,14397,14400,3
A,14400,14402,2
T,14402,14403,1
C,14403,14404,1
G,14404,14405,1
T,14405,14406,1
G,14406,14408,2
A,14408,14409,1
T,14409,14411,2
A,14411,14412,1
T,14412,14413,1
C,14413,14414,1
A,14414,14416,2
T,14416,14418,2
A,14418,14419,1
T,14419,14421,2
A,14421,14422,1
G,14422,14423,1
A,14423,14424,1
C,14424,14425,1
A,14425,14426,1
G,14426,14427,1
A,14427,14428,1
T,14428,14430,2
C,14430,14432,2
T,14432,14433,1
C,14433,14434,1
T,14434,14435,1
A,14435,14438,3
T,14438,14439,1
G,14439,14440,1
A,14440,14442,2
C,14442,14443,1
T,14443,14444,1
A,14444,14448,4
T,14448,14449,1
A,14449,14450,1
C,14450,14452,2
G,14452,14453,1
C,14453,14455,2
A,14455,14458,3
T,14458,14460,2
A,14460,14461,1
T,14461,14464,3
A,14464,14466,2
G,14466,14467,1
T,14467,14470,3
C,14470,14472,2
A,14472,14473,1
T,14473,14474,1
A,14474,14480,6
T,14480,14482,2
A,14482,14483,1
T,14483,14484,1
A,14484,14485,1
T,14485,14486,1
A,14486,14487,1
C,14487,14488,1
T,14488,14489,1
A,14489,14490,1
T,14490,14494,4
A,14494,14495,1
G,14495,14496,1
T,14496,14497,1
A,14497,14498,1
T,14498,14501,3
A,14501,14502,1
T,14502,14503,1
A,14503,14504,1
T,14504,14507,3
A,14507,14509,2
T,14509,14514,5
A,14514,14516,2
T,14516,14517,1
A,14517,14519,2
T,14519,14520,1
A,14520,14521,1
G,14521,14524,3
T,14524,14525,1
A,14525,14526,1
T,14526,14527,1
C,14527,14528,1
T,14528,14529,1
A,14529,14531,2
T,14531,14532,1
C,14532,14534,2
T,14534,14535,1
A,14535,14536,1
G,14536,14537,1
T,14537,14543,6
A,14543,14544,1
T,14544,14545,1
A,14545,14549,4
T,14549,14552,3
C,14552,14553,1
T,14553,14555,2
A,14555,14557,2
T,14557,14559,2
C,14559,14560,1
A,14560,14561,1
T,14561,14562,1
A,14562,14563,1
T,14563,14564,1
A,14564,14570,6
T,14570,14576,6
A,14576,14578,2
T,14578,14580,2
A,14580,14582,2
T,14582,14584,2
A,14584,14588,4
T,14588,14591,3
C,14591,14592,1
A,14592,14593,1
C,14593,14594,1
T,14594,14596,2
A,14596,14597,1
T,14597,14599,2
A,14599,14601,2
T,14601,14603,2
A,14603,14605,2
T,14605,14607,2
A,14607,14608,1
T,14608,14613,5
A,14613,14614,1
T,14614,14619,5
A,14619,14622,3
T,14622,14623,1
A,14623,14625,2
T,14625,14627,2
A,14627,14628,1
T,14628,14630,2
A,14630,14631,1
T,14631,14632,1
A,14632,14633,1
T,14633,14636,3
A,14636,14637,1
T,14637,14639,2
A,14639,14640,1
T,14640,14641,1
A,14641,14644,3
C,14644,14645,1
T,14645,14646,1
A,14646,14648,2
T,14648,14649,1
A,14649,14653,4
T,14653,14656,3
A,14656,14659,3
T,14659,14661,2
A,14661,14662,1
T,14662,14668,6
G,14668,14669,1
T,14669,14670,1
A,14670,14671,1
T,14671,14672,1
A,14672,14674,2
C,14674,14676,2
G,14676,14677,1
C,14677,14678,1
A,14678,14680,2
C,14680,14681,1
T,14681,14682,1
G,14682,14683,1
C,14683,14684,1
T,14684,14685,1
G,14685,14687,2
C,14687,14688,1
A,14688,14689,1
C,14689,14690,1
A,14690,14694,4
T,14694,14697,3
G,14697,14698,1
T,14698,14700,2
A,14700,14702,2
T,14702,14703,1
A,14703,14705,2
T,14705,14707,2
A,14707,14708,1
T,14708,14709,1
A,14709,14712,3
T,14712,14713,1
A,14713,14715,2
T,14715,14716,1
A,14716,14717,1
C,14717,14718,1
T,14718,14719,1
A,14719,14722,3
T,14722,14723,1
C,14723,14724,1
T,14724,14726,2
A,14726,14728,2
T,14728,14731,3
C,14731,14732,1
T,14732,14734,2
A,14734,14737,3
T,14737,14738,1
A,14738,14739,1
T,14739,14742,3
A,14742,14744,2
T,14744,14745,1
A,14745,14746,1
T,14746,14748,2
A,14748,14750,2
T,14750,14752,2
A,14752,14753,1
C,14753,14754,1
T,14754,14755,1
A,14755,14756,1
C,14756,14757,1
A,14757,14758,1
T,14758,14759,1
A,14759,14764,5
T,14764,14767,3
A,14767,14769,2
T,14769,14770,1
A,14770,14772,2
T,14772,14774,2
A,14774,14775,1
T,14775,14777,2
A,14777,14781,4
T,14781,14782,1
A,14782,14784,2
T,14784,14786,2
A,14786,14791,5
T,14791,14793,2
A,14793,14795,2
C,14795,14796,1
A,14796,14797,1
C,14797,14798,1
T,14798,14799,1
A,14799,14800,1
T,14800,14801,1
A,14801,14803,2
T,14803,14806,3
A,14806,14807,1
T,14807,14808,1
A,14808,14809,1
T,14809,14810,1
G,14810,14811,1
T,14811,14812,1
A,14812,14816,4
T,14816,14817,1
A,14817,14820,3
T,14820,14823,3
A,14823,14826,3
T,14826,14828,2
A,14828,14832,4
T,14832,14834,2
A,14834,14835,1
T,14835,14837,2
A,14837,14840,3
C,14840,14841,1
T,14841,14842,1
A,14842,14843,1
T,14843,14844,1
A,14844,14849,5
T,14849,14852,3
A,14852,14853,1
T,14853,14856,3
A,14856,14857,1
T,14857,14858,1
A,14858,14859,1
T,14859,14860,1
A,14860,14861,1
T,14861,14862,1
A,14862,14867,5
T,14867,14872,5
A,14872,14874,2
T,14874,14875,1
A,14875,14876,1
T,14876,14877,1
A,14877,14878,1
G,14878,14879,1
A,14879,14880,1
T,14880,14894,14
A,14894,14895,1
T,14895,14896,1
A,14896,14898,2
T,14898,14899,1
A,14899,14903,4
T,14903,14904,1
A,14904,14905,1
T,14905,14908,3
A,14908,14910,2
T,14910,14911,1
A,14911,14912,1
T,14912,14913,1
A,14913,14916,3
T,14916,14918,2
A,14918,14919,1
T,14919,14921,2
A,14921,14924,3
T,14924,14928,4
A,14928,14929,1
T,14929,14930,1
A,14930,14931,1
T,14931,14932,1
A,14932,14933,1
T,14933,14935,2
C,14935,14936,1
T,14936,14941,5
C,14941,14943,2
T,14943,14944,1
C,14944,14945,1
A,14945,14946,1
C,14946,14947,1
T,14947,14950,3
A,14950,14952,2
C,14952,14953,1
T,14953,14954,1
A,14954,14956,2
T,14956,14957,1
A,14957,14958,1
T,14958,14960,2
A,14960,14962,2
G,14962,14963,1
T,14963,14965,2
A,14965,14968,3
T,14968,14969,1
A,14969,14971,2
T,14971,14973,2
A,14973,14974,1
T,14974,14976,2
A,14976,14978,2
T,14978,14979,1
A,14979,14982,3
T,14982,14983,1
A,14983,14984,1
G,14984,14985,1
T,14985,14986,1
A,14986,14989,3
T,14989,14996,7
A,14996,14997,1
T,14997,14998,1
A,14998,14999,1
T,14999,15001,2
A,15001,15005,4
T,15005,15007,2
A,15007,15012,5
T,15012,15014,2
A,15014,15020,6
T,15020,15022,2
A,15022,15024,2
T,15024,15025,1
A,15025,15026,1
T,15026,15028,2
A,15028,15029,1
T,15029,15030,1
A,15030,15032,2
T,15032,15033,1
A,15033,15034,1
T,15034,15037,3
A,15037,15038,1
T,15038,15040,2
A,15040,15043,3
T,15043,15045,2
C,15045,15046,1
A,15046,15048,2
T,15048,15050,2
A,15050,15051,1
T,15051,15054,3
A,15054,15056,2
T,15056,15057,1
G,15057,15058,1
T,15058,15059,1
A,15059,15060,1
T,15060,15063,3
A,15063,15064,1
T,15064,15065,1
A,15065,15066,1
T,15066,15067,1
A,15067,15068,1
T,15068,15069,1
A,15069,15070,1
T,15070,15071,1
A,15071,15072,1
T,15072,15073,1
A,15073,15074,1
T,15074,15075,1
A,15075,15077,2
T,15077,15080,3
A,15080,15081,1
T,15081,15084,3
A,15084,15089,5
T,15089,15092,3
A,15092,15094,2
T,15094,15097,3
A,15097,15098,1
T,15098,15099,1
A,15099,15101,2
T,15101,15102,1
A,15102,15106,4
T,15106,15109,3
A,15109,15113,4
T,15113,15114,1
A,15114,15117,3
T,15117,15119,2
A,15119,15122,3
T,15122,15123,1
A,15123,15124,1
T,15124,15127,3
A,15127,15129,2
T,15129,15130,1
A,15130,15131,1
T,15131,15132,1
A,15132,15133,1
T,15133,15134,1
A,15134,15135,1
T,15135,15136,1
A,15136,15137,1
T,15137,15138,1
A,15138,15139,1
T,15139,15140,1
A,15140,15141,1
T,15141,15142,1
A,15142,15143,1
T,15143,15144,1
A,15144,15145,1
T,15145,15146,1
G,15146,15147,1
T,15147,15148,1
A,15148,15151,3
T,15151,15155,4
C,15155,15156,1
T,15156,15157,1
A,15157,15158,1
T,15158,15160,2
A,15160,15163,3
T,15163,15164,1
G,15164,15165,1
T,15165,15166,1
A,15166,15167,1
T,15167,15168,1
A,15168,15169,1
T,15169,15172,3
A,15172,15174,2
T,15174,15177,3
A,15177,15178,1
T,15178,15180,2
A,15180,15181,1
G,15181,15182,1
A,15182,15183,1
C,15183,15185,2
A,15185,15186,1
T,15186,15187,1
A,15187,15189,2
T,15189,15192,3
A,15192,15193,1
T,15193,15194,1
A,15194,15197,3
T,15197,15201,4
A,15201,15202,1
T,15202,15203,1
A,15203,15204,1
G,15204,15205,1
A,15205,15208,3
T,15208,15209,1
A,15209,15210,1
T,15210,15213,3
A,15213,15214,1
C,15214,15215,1
A,15215,15216,1
T,15216,15217,1
A,15217,15220,3
T,15220,15221,1
A,15221,15222,1
T,15222,15224,2
A,15224,15235,11
